(garg) 1123 : 573 2064 354 1246 1451 2066 188 1311 1283 1631 47 978 1021 997 1663 386 1481 2026 1833 53 217 1662 1023 2107 58 246 2028 1745 619 1335 1597 1775 1721 885 1046 106 22 1048 803 359 36 369 1433 1695 714 894 663 811 1492 2 25 1865 276 1850 1927

(garg) 1103 : 573 2064 354 1246 1451 2066 188 1311 1283 1631 47 978 1021 997 1663 386 1481 2026 1833 53 217 1662 1023 2107 58 246 2028 1745 619 1335 1597 1775 1721 885 1046 106 22 1048 803 359 36 369 1433 1695 714 894 663 811 1492 2 25 1865 276 1850 1927

(garg) 1121 : 573 2064 354 1246 1451 2066 188 1311 1283 1631 47 978 1021 997 1663 386 1481 2026 1833 53 217 1662 1023 2107 58 246 2028 1745 619 1335 1597 1775 1721 885 1046 106 22 1048 803 359 36 369 1433 1695 714 894 663 811 1492 2 25 1865 276 1850 1927

(garg) 1124 : 573 2064 354 1246 1451 2066 188 1311 1283 1631 47 978 1021 997 1663 386 1481 2026 1833 53 217 1662 1023 2107 58 246 2028 1745 619 1335 1597 1775 1721 885 1046 106 22 1048 803 359 36 369 1433 1695 714 894 663 811 1492 2 25 1865 276 1850 1927

(garg) 1135 : 573 2064 354 1246 1451 2066 188 1311 1283 1631 47 978 1021 997 1663 386 1481 2026 1833 53 217 1662 1023 2107 58 246 2028 1745 619 1335 1597 1775 1721 885 1046 106 22 1048 803 359 36 369 1433 1695 714 894 663 811 1492 2 25 1865 276 1850 1927

(garg) 1164 : 573 2064 354 1246 1451 2066 188 1311 1283 1631 47 978 1021 997 1663 386 1481 2026 1833 53 217 1662 1023 2107 58 246 2028 1745 619 1335 1597 1775 1721 885 1046 106 22 1048 803 359 36 369 1433 1695 714 894 663 811 1492 2 25 1865 276 1850 1927

(garg) 1184 : 573 2064 354 1246 1451 2066 188 1311 1283 1631 47 978 1021 997 1663 386 1481 2026 1833 53 217 1662 1023 2107 58 246 2028 1745 619 1335 1597 1775 1721 885 1046 106 22 1048 803 359 36 369 1433 1695 714 894 663 811 1492 2 25 1865 276 1850 1927

(garg) 1136 : 573 2064 354 1246 1451 2066 188 1311 1283 1631 47 978 1021 997 1663 386 1481 2026 1833 53 217 1662 1023 2107 58 246 2028 1745 619 1335 1597 1775 1721 885 1046 106 22 1048 803 359 36 369 1433 1695 714 894 663 811 1492 2 25 1865 276 1850 1927

(garg) 1167 : 573 2064 354 1246 1451 2066 188 1311 1283 1631 47 978 1021 997 1663 386 1481 2026 1833 53 217 1662 1023 2107 58 246 2028 1745 619 1335 1597 1775 1721 885 1046 106 22 1048 803 359 36 369 1433 1695 714 894 663 811 1492 2 25 1865 276 1850 1927

(garg) 1102 : 573 2064 354 1246 1451 2066 188 1311 1283 1631 47 978 1021 997 1663 386 1481 2026 1833 53 217 1662 1023 2107 58 246 2028 1745 619 1335 1597 1775 1721 885 1046 106 22 1048 803 359 36 369 1433 1695 714 894 663 811 1492 2 25 1865 276 1850 1927

(garg) 1140 : 573 2064 354 1246 1451 2066 188 1311 1283 1631 47 978 1021 997 1663 386 1481 2026 1833 53 217 1662 1023 2107 58 246 2028 1745 619 1335 1597 1775 1721 885 1046 106 22 1048 803 359 36 369 1433 1695 714 894 663 811 1492 2 25 1865 276 1850 1927

(garg) 1143 : 573 2064 354 1246 1451 2066 188 1311 1283 1631 47 978 1021 997 1663 386 1481 2026 1833 53 217 1662 1023 2107 58 246 2028 1745 619 1335 1597 1775 1721 885 1046 106 22 1048 803 359 36 369 1433 1695 714 894 663 811 1492 2 25 1865 276 1850 1927

(garg) 1159 : 1311 1283 1631 47 978 1021 997 1663 386 1481 2026 1833 53 217 1662 1023 2107 58 246 2028 1745 619 1335 1597 1775 1721 885 1046 106 22 1048 803 359 36 369 1433 1695 714 894 663 811 1492 2 25 1865 276 1850 1927

(garg) 1104 : 1311 1283 1631 47 978 1021 997 1663 386 1481 2026 1833 53 217 1662 1023 2107 58 246 2028 1745 619 1335 1597 1775 1721 885 1046 106 22 1048 803 359 36 369 1433 1695 714 894 663 811 1492 2 25 1865 276 1850 1927

(garg) 1106 : 1311 1283 1631 47 978 1021 997 1663 386 1481 2026 1833 53 217 1662 1023 2107 58 246 2028 1745 619 1335 1597 1775 1721 885 1046 106 22 1048 803 359 36 369 1433 1695 714 894 663 811 1492 2 25 1865 276 1850 1927

(garg) 1083 : 1311 1283 1631 47 978 1021 997 1663 386 1481 2026 1833 53 217 1662 1023 2107 58 246 2028 1745 619 1335 1597 1775 1721 885 1046 106 22 1048 803 359 36 369 1433 1695 714 894 663 811 1492 2 25 1865 276 1850 1927

(garg) 1144 : 1311 1283 1631 47 978 1021 997 1663 386 1481 2026 1833 53 217 1662 1023 2107 58 246 2028 1745 619 1335 1597 1775 1721 885 1046 106 22 1048 803 359 36 369 1433 1695 714 894 663 811 1492 2 25 1865 276 1850 1927

(garg) 1151 : 1833 53 217 1662 1023 2107 58 246 2028 1745 619 1335 1597 1775 1721 885 1046 106 22 1048 803 359 36 369 1433 1695 714 894 663 811 1492 2 25 1865 276 1850 1927

(garg) 1170 : 1833 53 217 1662 1023 2107 58 246 2028 1745 619 1335 1597 1775 1721 885 1046 106 22 1048 803 359 36 369 1433 1695 714 894 663 811 1492 2 25 1865 276 1850 1927

(garg) 1181 : 1833 53 217 1662 1023 2107 58 246 2028 1745 619 1335 1597 1775 1721 885 1046 106 22 1048 803 359 36 369 1433 1695 714 894 663 811 1492 2 25 1865 276 1850 1927

(garg) 1086 : 1833 53 217 1662 1023 2107 58 246 2028 1745 619 1335 1597 1775 1721 885 1046 106 22 1048 803 359 36 369 1433 1695 714 894 663 811 1492 2 25 1865 276 1850 1927

(garg) 1088 : 1833 53 217 1662 1023 2107 58 246 2028 1745 619 1335 1597 1775 1721 885 1046 106 22 1048 803 359 36 369 1433 1695 714 894 663 811 1492 2 25 1865 276 1850 1927

(garg) 1100 : 619 1335 1597 1775 1721 885 1046 106 22 1048 803 359 36 369 1433 1695 714 894 663 811 1492 2 25 1865 276 1850 1927

(garg) 1105 : 619 1335 1597 1775 1721 885 1046 106 22 1048 803 359 36 369 1433 1695 714 894 663 811 1492 2 25 1865 276 1850 1927

(garg) 1122 : 619 1335 1597 1775 1721 885 1046 106 22 1048 803 359 36 369 1433 1695 714 894 663 811 1492 2 25 1865 276 1850 1927

(garg) 1125 : 619 1335 1597 1775 1721 885 1046 106 22 1048 803 359 36 369 1433 1695 714 894 663 811 1492 2 25 1865 276 1850 1927

(garg) 1137 : 619 1335 1597 1775 1721 885 1046 106 22 1048 803 359 36 369 1433 1695 714 894 663 811 1492 2 25 1865 276 1850 1927

(garg) 1154 : 619 1335 1597 1775 1721 885 1046 106 22 1048 803 359 36 369 1433 1695 714 894 663 811 1492 2 25 1865 276 1850 1927

(garg) 1166 : 619 1335 1597 1775 1721 885 1046 106 22 1048 803 359 36 369 1433 1695 714 894 663 811 1492 2 25 1865 276 1850 1927

(garg) 1183 : 619 1335 1597 1775 1721 885 1046 106 22 1048 803 359 36 369 1433 1695 714 894 663 811 1492 2 25 1865 276 1850 1927

(garg) 1141 : 619 1335 1597 1775 1721 885 1046 106 22 1048 803 359 36 369 1433 1695 714 894 663 811 1492 2 25 1865 276 1850 1927

(garg) 1109 : 1721 885 1046 106 22 1048 803 359 36 369 1433 1695 714 894 663 811 1492 2 25 1865 276 1850 1927

(garg) 1145 : 1721 885 1046 106 22 1048 803 359 36 369 1433 1695 714 894 663 811 1492 2 25 1865 276 1850 1927

(garg) 1161 : 1721 885 1046 106 22 1048 803 359 36 369 1433 1695 714 894 663 811 1492 2 25 1865 276 1850 1927

(garg) 1163 : 1721 885 1046 106 22 1048 803 359 36 369 1433 1695 714 894 663 811 1492 2 25 1865 276 1850 1927

(garg) 1179 : 359 36 369 1433 1695 714 894 663 811 1492 2 25 1865 276 1850 1927

(garg) 1186 : 359 36 369 1433 1695 714 894 663 811 1492 2 25 1865 276 1850 1927

(garg) 1162 : 359 36 369 1433 1695 714 894 663 811 1492 2 25 1865 276 1850 1927

(garg) 1119 : 359 36 369 1433 1695 714 894 663 811 1492 2 25 1865 276 1850 1927

(garg) 1168 : 359 36 369 1433 1695 714 894 663 811 1492 2 25 1865 276 1850 1927

(garg) 1174 : 1695 714 894 663 811 1492 2 25 1865 276 1850 1927

(garg) 1177 : 1695 714 894 663 811 1492 2 25 1865 276 1850 1927

(garg) 1180 : 1695 714 894 663 811 1492 2 25 1865 276 1850 1927

(garg) 1173 : 1695 714 894 663 811 1492 2 25 1865 276 1850 1927

(garg) 1182 : 1695 714 894 663 811 1492 2 25 1865 276 1850 1927

(garg) 1171 : 1695 714 894 663 811 1492 2 25 1865 276 1850 1927

(garg) 1165 : 811 1492 2 25 1865 276 1850 1927

(garg) 1138 : 811 1492 2 25 1865 276 1850 1927

(garg) 1146 : 811 1492 2 25 1865 276 1850 1927

(garg) 1178 : 811 1492 2 25 1865 276 1850 1927

(garg) 1120 : 811 1492 2 25 1865 276 1850 1927

(garg) 1142 : 811 1492 2 25 1865 276 1850 1927

(garg) 1156 : 811 1492 2 25 1865 276 1850 1927

(garg) 1169 : 811 1492 2 25 1865 276 1850 1927

(garg) 1175 : 25 1865 276 1850 1927

(garg) 1113 : 25 1865 276 1850 1927

(garg) 1149 : 25 1865 276 1850 1927

(garg) 1172 : 25 1865 276 1850 1927

(garg) 1185 : 25 1865 276 1850 1927

(garg) 1176 : 25 1865 276 1850 1927

(garg) 1089 : 276 1850 1927

(garg) 1147 :

(garg) 1150 :

(garg) 1087 :

(garg) 1084 :

(garg) 1091 :

(garg) 1101 :

(garg) 1107 :

(garg) 1110 :

(garg) 1112 :

(garg) 1158 :
