(kerovan14) 1035: 1390 272 186 617 903 959 1837 1680 55 356 933 823 801 789 775 1330 1090 1378 1353 2106 1340 1460 1554 1901 1961 306 1863 1865
(kerovan14) 1037: 1390 272 186 617 903 959 1837 1680 55 356 933 823 801 789 775 1330 1090 1378 1353 2106 1340 1460 1554 1901 1961 306 1863 1865
(kerovan14) 1039: 1390 272 55 186 247 1922 617 903 801 789 1901 1837 356 548 809 439 775 957 959 970 1547 1334 1330 1378 1382 1351 1353 2106 1340 1460 1554 2119 2099 1997 1961 306 1863 1865 1680 511
(kerovan14) 1041: 1390 272 186 617 903 959 1837 1680 55 356 933 823 801 789 775 1330 1090 1378 1353 2106 1340 1460 1554 1901 1961 306 1863 1865
(kerovan14) 1042: 1378 1554 1901 1795 1800 55
(kerovan14) 1043: 1390 272 186 617 903 959 1837 1680 55 356 933 823 801 789 775 1330 1090 1378 1353 2106 1340 1460 1554 1901 1961 306 1863 1865
(kerovan14) 1045: 1922 920 801 779 957 970 1547 1382 1390 1645 1375 1489 1443 1806 310 511 548
(kerovan14) 1047: 1390 272 55 186 247 1922 617 903 801 789 1901 1837 356 548 809 439 775 957 959 970 1547 1334 1330 1378 1382 1351 1353 2106 1340 1460 1554 2119 2099 1997 1961 306 1863 1865 1680 511
(kerovan14) 1049: 1922 920 801 779 957 970 1547 1382 1390 1645 1375 1489 1443 1806 310 511 548
(kerovan14) 1051: 1390 272 55 186 247 1922 617 903 801 789 1901 1837 356 548 809 439 775 957 959 970 1547 1334 1330 1378 1382 1351 1353 2106 1340 1460 1554 2119 2099 1997 1961 306 1863 1865 1680 511
(kerovan14) 1052: 1390 272 186 617 903 959 1837 1680 55 356 933 823 801 789 775 1330 1090 1378 1353 2106 1340 1460 1554 1901 1961 306 1863 1865
(kerovan14) 1055: 1390 272 186 617 903 959 1837 1680 55 356 933 823 801 789 775 1330 1090 1378 1353 2106 1340 1460 1554 1901 1961 306 1863 1865
(kerovan14) 1057: 1922 920 801 779 957 970 1547 1382 1390 1645 1375 1489 1443 1806 310 511 548
(kerovan14) 1058: 1922 920 801 779 957 970 1547 1382 1390 1645 1375 1489 1443 1806 310 511 548
(kerovan14) 1059: 1390 272 55 186 247 1922 617 903 801 789 1901 1837 356 548 809 439 775 957 959 970 1547 1334 1330 1378 1382 1351 1353 2106 1340 1460 1554 2119 2099 1997 1961 306 1863 1865 1680 511
(kerovan14) 1060: 1390 272 186 617 903 959 1837 1680 55 356 933 823 801 789 775 1330 1090 1378 1353 2106 1340 1460 1554 1901 1961 306 1863 1865
(kerovan14) 1061: 1390 272 186 617 903 959 1837 1680 55 356 933 823 801 789 775 1330 1090 1378 1353 2106 1340 1460 1554 1901 1961 306 1863 1865
(kerovan14) 1062: 789 775 1390 1340 1460 1961 306 1901 1795 1800 1680 55 186 356
(kerovan14) 1063: 1922 920 801 779 957 970 1547 1382 1390 1645 1375 1489 1443 1806 310 511 548
(kerovan14) 1065: 1922 920 801 779 957 970 1547 1382 1390 1645 1375 1489 1443 1806 310 511 548
(kerovan14) 1066: 1390 272 55 186 247 1922 617 903 801 789 1901 1837 356 548 809 439 775 957 959 970 1547 1334 1330 1378 1382 1351 1353 2106 1340 1460 1554 2119 2099 1997 1961 306 1863 1865 1680 511
(kerovan14) 1064: 1390 272 55 186 247 1922 617 903 801 789 1901 1837 356 548 809 439 775 957 959 970 1547 1334 1330 1378 1382 1351 1353 2106 1340 1460 1554 2119 2099 1997 1961 306 1863 1865 1680 511
(kerovan14) 1067: 789 775 1390 1340 1460 1961 306 1901 1795 1800 1680 55 186 356
(kerovan14) 1068: 789 775 1390 1340 1460 1961 306 1901 1795 1800 1680 55 186 356
(kerovan14) 1069: 1922 920 801 779 957 970 1547 1382 1390 1645 1375 1489 1443 1806 310 511 548
(kerovan14) 1070: 617 903 789 959 1378 1340 1460 1554 1901 1795 1800 1680 55 272
(kerovan14) 1071: 1390 272 55 186 247 1922 617 903 801 789 1901 1837 356 548 809 439 775 957 959 970 1547 1334 1330 1378 1382 1351 1353 2106 1340 1460 1554 2119 2099 1997 1961 306 1863 1865 1680 511
(kerovan14) 1072: 1390 272 55 186 247 1922 617 903 801 789 1901 1837 356 548 809 439 775 957 959 970 1547 1334 1330 1378 1382 1351 1353 2106 1340 1460 1554 2119 2099 1997 1961 306 1863 1865 1680 511
(kerovan14) 1073: 1390 272 55 186 247 1922 617 903 801 789 1901 1837 356 548 809 439 775 957 959 970 1547 1334 1330 1378 1382 1351 1353 2106 1340 1460 1554 2119 2099 1997 1961 306 1863 1865 1680 511
(kerovan14) 1074: 1390 272 55 186 247 1922 617 903 801 789 1901 1837 356 548 809 439 775 957 959 970 1547 1334 1330 1378 1382 1351 1353 2106 1340 1460 1554 2119 2099 1997 1961 306 1863 1865 1680 511
(kerovan14) 1075: 1922 920 801 779 957 970 1547 1382 1390 1645 1375 1489 1443 1806 310 511 548
(kerovan14) 1076: 1922 920 801 779 957 970 1547 1382 1390 1645 1375 1489 1443 1806 310 511 548
(kerovan14) 1077: 1390 272 55 186 247 1922 617 903 801 789 1901 1837 356 548 809 439 775 957 959 970 1547 1334 1330 1378 1382 1351 1353 2106 1340 1460 1554 2119 2099 1997 1961 306 1863 1865 1680 511
(kerovan14) 1078: 1922 920 801 779 957 970 1547 1382 1390 1645 1375 1489 1443 1806 310 511 548
(kerovan14) 1574: 1922 920 801 779 957 970 1547 1382 1390 1645 1375 1489 1443 1806 310 511 548
(kerovan14) 1576: 1390 272 186 617 903 959 1837 1680 55 356 933 823 801 789 775 1330 1090 1378 1353 2106 1340 1460 1554 1901 1961 306 1863 1865
(kerovan14) 1581: 1378 1554 1901 1795 1800 55
(kerovan14) 1583: 1390 272 55 186 247 1922 617 903 801 789 1901 1837 356 548 809 439 775 957 959 970 1547 1334 1330 1378 1382 1351 1353 2106 1340 1460 1554 2119 2099 1997 1961 306 1863 1865 1680 511
(kerovan14) 1585: 1378 1554 1901 1795 1800 55
(kerovan14) 1589: 1390 272 55 186 247 1922 617 903 801 789 1901 1837 356 548 809 439 775 957 959 970 1547 1334 1330 1378 1382 1351 1353 2106 1340 1460 1554 2119 2099 1997 1961 306 1863 1865 1680 511
(kerovan14) 1592: 1390 272 55 186 247 1922 617 903 801 789 1901 1837 356 548 809 439 775 957 959 970 1547 1334 1330 1378 1382 1351 1353 2106 1340 1460 1554 2119 2099 1997 1961 306 1863 1865 1680 511
(kerovan14) 1595: 1922 920 801 779 957 970 1547 1382 1390 1645 1375 1489 1443 1806 310 511 548
(kerovan14) 1597: 1390 272 186 617 903 959 1837 1680 55 356 933 823 801 789 775 1330 1090 1378 1353 2106 1340 1460 1554 1901 1961 306 1863 1865
(kerovan14) 1600: 1390 272 55 186 247 1922 617 903 801 789 1901 1837 356 548 809 439 775 957 959 970 1547 1334 1330 1378 1382 1351 1353 2106 1340 1460 1554 2119 2099 1997 1961 306 1863 1865 1680 511
(kerovan14) 1602: 1390 272 186 617 903 959 1837 1680 55 356 933 823 801 789 775 1330 1090 1378 1353 2106 1340 1460 1554 1901 1961 306 1863 1865
(kerovan14) 1603: 1390 272 186 617 903 959 1837 1680 55 356 933 823 801 789 775 1330 1090 1378 1353 2106 1340 1460 1554 1901 1961 306 1863 1865
(kerovan14) 1604: 1922 920 801 779 957 970 1547 1382 1390 1645 1375 1489 1443 1806 310 511 548
(kerovan14) 1607: 1390 272 55 186 247 1922 617 903 801 789 1901 1837 356 548 809 439 775 957 959 970 1547 1334 1330 1378 1382 1351 1353 2106 1340 1460 1554 2119 2099 1997 1961 306 1863 1865 1680 511
(kerovan14) 1608: 1922 920 801 779 957 970 1547 1382 1390 1645 1375 1489 1443 1806 310 511 548
(kerovan14) 1609: 1922 920 801 779 957 970 1547 1382 1390 1645 1375 1489 1443 1806 310 511 548
(kerovan14) 1610: 1922 920 801 779 957 970 1547 1382 1390 1645 1375 1489 1443 1806 310 511 548
(kerovan14) 1612: 1390 272 186 617 903 959 1837 1680 55 356 933 823 801 789 775 1330 1090 1378 1353 2106 1340 1460 1554 1901 1961 306 1863 1865
(kerovan14) 1615: 617 903 789 959 1378 1340 1460 1554 1901 1795 1800 1680 55 272
(kerovan14) 1053: 1390 272 55 186 247 1922 617 903 801 789 1901 1837 356 548 809 439 775 957 959 970 1547 1334 1330 1378 1382 1351 1353 2106 1340 1460 1554 2119 2099 1997 1961 306 1863 1865 1680 511
