(Konradstpn) %TERRORSCAPE : 272 1996

(Konradstpn) 361 :
(Konradstpn) 359 :
(Konradstpn) 356 :
(Konradstpn) 382 : 185
(Konradstpn) 366 : 185
(Konradstpn) 381 : 185
(Konradstpn) 385 : 185
(Konradstpn) 375 : 185
(Konradstpn) 1324 : 185
(Konradstpn) 1323 : 185
(Konradstpn) 384 : 185
(Konradstpn) 1325 : 185 ; %TERRORSCAPE
(Konradstpn) 358 : 185 ; %TERRORSCAPE 106 1032
(Konradstpn) 364 : 185 ; %TERRORSCAPE
(Konradstpn) 369 : 185 ; %TERRORSCAPE
(Konradstpn) 365 : 185 ; %TERRORSCAPE 106 1032 486
(Konradstpn) 367 : 185 ; %TERRORSCAPE 106 1032 486 649 912 1261 1444 1881 1044 31 931
(Konradstpn) 355 : 185 ; %TERRORSCAPE 106 1032 486 649 912 1261 1444 1881 1044 31 931
(Konradstpn) 380 : 185 ; %TERRORSCAPE 106 1032 486 649 912 1261 1444 1881 1044 31 931
(Konradstpn) 2107 : 185 ; %TERRORSCAPE 106 1032 486 649 912 1261 1444 1881 1044 31 931
(Konradstpn) 368 : 185 ; %TERRORSCAPE 106 1032 486
(Konradstpn) 371 : 185 ; %TERRORSCAPE 106 1032 486 649 912 1261 1444 1881 1044 31 931
(Konradstpn) 383 : 185 ; %TERRORSCAPE 106 1032 486 649 912 1261 1444 1881 1044 31 931
(Konradstpn) 362 : 185 ; %TERRORSCAPE 106 1032 486 649 912 1261 1444 1881 1044 31 931
(Konradstpn) 1320 : 185 ; %TERRORSCAPE 106 1032 486 649 912 1261 1444 1881 1044 31 931
(Konradstpn) 1361 : 185 ; %TERRORSCAPE 106 1032 486 649 912 1261 1444 1881 1044 31 931
(Konradstpn) 1322 :
(Konradstpn) 357 : 185 ; %TERRORSCAPE 106 1032 486 649 912 1261 1444 1881 1044 31 931
(Konradstpn) 374 : 185 ; %TERRORSCAPE 106 1032 486 649 912 1261 1444 1881 1044 31 931
(Konradstpn) 351 : 185 ; %TERRORSCAPE 106 1032 486 649 912 1261 1444 1881 1044 31 931 1509
(Konradstpn) 352 : 185 ; %TERRORSCAPE 106 1032 486 649 912 1261 1444 1881 1044 31 931 1509
(Konradstpn) 370 :
(Konradstpn) 386 : 185 ; %TERRORSCAPE 106 1032 486 649 912 1261 1444 1881 1044 31 931 1509 925
(Konradstpn) 372 : 185 ; %TERRORSCAPE 106 1032 486 649 912 1261 1444 1881 1044 31 931 1509 925
(Konradstpn) 377 : 185 ; %TERRORSCAPE 106 1032 486 649 912 1261 1444 1881 1044 31 931 1509 925
(Konradstpn) 376 :
(Konradstpn) 350 : 185 ; %TERRORSCAPE 106 1032 486 649 912 1261 1444 1881 1044 31 931 1509 925 1181
(Konradstpn) 349 : 185 ; %TERRORSCAPE 106 1032 486 649 912 1261 1444 1881 1044 31 931 1509 925 1181
(Konradstpn) 353 : 185 ; %TERRORSCAPE 106 1032 486 649 912 1261 1444 1881 1044 31 931 1509 925 1181
(Konradstpn) 379 : 185 ; %TERRORSCAPE 106 1032 486 649 912 1261 1444 1881 1044 31 931 1509 925 1181
(Konradstpn) 1321 : 185 ; %TERRORSCAPE 106 1032 486 649 912 1261 1444 1881 1044 31 931 1509 925 1181 189 1963
(Konradstpn) 354 : 185 ; %TERRORSCAPE 106 1032 486 649 912 1261 1444 1881 1044 31 931 1509 925 1181 189 1963
(Konradstpn) 360 : 185 ; %TERRORSCAPE 106 1032 486 649 912 1261 1444 1881 1044 31 931 1509 925 1181 189 1963
(Konradstpn) 363 : 185 ; %TERRORSCAPE 106 1032 486 649 912 1261 1444 1881 1044 31 931 1509 925 1181 189 1963
(Konradstpn) 373 : 185 ; %TERRORSCAPE 106 1032 486 649 912 1261 1444 1881 1044 31 931 1509 925 1181 189 1963
(Konradstpn) 378 : 185 ; %TERRORSCAPE 106 1032 486 649 912 1261 1444 1881 1044 31 931 1509 925 1181 189 1963
(Konradstpn) 1362 : 185 ; %TERRORSCAPE 106 1032 486 649 912 1261 1444 1881 1044 31 931 1509 925 1181 189 1963
