(mattbat11) 692 : 1384 2096 1394 1831 1390 1117 1068 452 214 63 2101 1886 686 388 25 217 291 308 366 713 822 998 1014 1052 291 1176 1332 1335 1339 1343 1357 1381 1382 1453 1597 1679 1783 1833 1865 1869 2097 26 190 384 269 2087 1850 1800 1795 1728 1585 1342 1330 960 933 823 724 584 499 314 213 21 439 361

(mattbat11) 698 : 1311 338 1775 1806 1401 1384 1286 946 245 71 47 978 2096 949 1097 1394 1831 1390 1117 1068 452 214 63 2101 1886 686 388 25 217 291 308 366 713 822 998 1014 1052 291 1176 1332 1335 1339 1343 1357 1381 1382 1453 1597 1679 1783 1833 1865 1869 2097 26 190 384 269 2087 1850 1800 1795 1728 1585 1342 1330 960 933 823 724 584 499 314 213 21 439 361

(mattbat11) 699 : 1311 338 1775 1806 1401 1384 1286 946 245 71 47 978 2096 949 1097 1394 1831 1390 1117 1068 452 214 63 2101 1886 686 388 25 217 291 308 366 713 822 998 1014 1052 291 1176 1332 1335 1339 1343 1357 1381 1382 1453 1597 1679 1783 1833 1865 1869 2097 26 190 384 269 2087 1850 1800 1795 1728 1585 1342 1330 960 933 823 724 584 499 314 213 21 439 361

(mattbat11) 700 : 1390 1117 1068 452 214 63 2101 1886 686 388 25 217 291 308 366 713 822 998 1014 1052 291 1176 1332 1335 1339 1343 1357 1381 1382 1453 1597 1679 1783 1833 1865 1869 2097 26 190 384 269 2087 1850 1800 1795 1728 1585 1342 1330 960 933 823 724 584 499 314 213 21 439 361

(mattbat11) 701 : 1311 338 1775 1806 1401 1384 1286 946 245 71 47 978 2096 949 1097 1394 1831 1390 1117 1068 452 214 63 2101 1886 686 388 25 217 291 308 366 713 822 998 1014 1052 291 1176 1332 1335 1339 1343 1357 1381 1382 1453 1597 1679 1783 1833 1865 1869 2097 26 190 384 269 2087 1850 1800 1795 1728 1585 1342 1330 960 933 823 724 584 499 314 213 21 439 361

(mattbat11) 702 : 1390 1117 1068 452 214 63 2101 1886 686 388 25 217 291 308 366 713 822 998 1014 1052 291 1176 1332 1335 1339 1343 1357 1381 1382 1453 1597 1679 1783 1833 1865 1869 2097 26 190 384 269 2087 1850 1800 1795 1728 1585 1342 1330 960 933 823 724 584 499 314 213 21 439 361

(mattbat11) 697 : 269 2087 1850 1800 1795 1330 933 823 584 499 314 439 361 213 1342
