(ryskal) 498 : 361 1795 1800
(ryskal) 499 : 361 1795 1800 193
(ryskal) 521 : 361 1795 1800 193 55
(ryskal) 502 : 361 1795 1800 193 55 959 929 314 269 1560
(ryskal) 500 : 361 1795 1800 193 55 959 929 314 269 1560 1680 1953 775 439
(ryskal) 503 : 361 1795 1800 193 55 959 929 314 269 1560 1680 1953 775 981
(ryskal) 501 : 361 1795 1800 193 55 959 929 314 269 1560 1680 1953 775
(ryskal) 1382 : 361 1795 1800 193 55 959 929 314 269 1560 1680 1953 775 1330
(ryskal) 1380 : 361 1795 1800 193 55 959 929 314 269 1560 1680 1953 775 1330 616 439
(ryskal) 505 : 361 1795 1800 193 55 959 929 314 269 1560 1680 1953 775 1330 616 439 823 933 264 213 724 1342 83
(ryskal) 504 :
(ryskal) 506 : 361 1795 1800 193 55 959 929 314 269 1560 1680 1953 775 1330 616 439 823 933 264 213 724 1342 83 382 1781 1334 1529 1411 1412 494 1876 799 800 981 155 356
(ryskal) 507 : 361 1795 1800 193 55 959 929 314 269 1560 1680 1953 775 1330 616 439 823 933 264 213 724 1342 83 382 1781 1334 1529 1411 1412 494 1876 799 800 981 155 356 1011 172 1585 1728 2106 1353 1747 381 631 391 186 410 60 1084 66 1766 1515 51
(ryskal) 508 : 361 1795 1800 193 55 959 929 314 269 1560 1680 1953 775 1330 616 439 823 933 264 213 724 1342 83 382 1781 1334 1529 1411 1412 494 1876 799 800 981 155 356 1011 172 1585 1728 2106 1353 1747 381 631 391 186 410 60 1084 66 1766 1515 51 749
(ryskal) 509 : 361 1795 1800 193 55 959 929 314 269 1560 1680 1953 775 1330 616 439 823 933 264 213 724 1342 83 382 1781 1334 1529 1411 1412 494 1876 799 800 981 155 356 1011 172 1585 1728 2106 1353 1747 381 631 391 186 410 60 1084 66 1766 1515 51 749 809 215 1338
(ryskal) 510 : 361 1795 1800 193 55 959 929 314 269 1560 1680 1953 775 1330 616 439 823 933 264 213 724 1342 83 382 1781 1334 1529 1411 1412 494 1876 799 800 981 155 356 1011 172 1585 1728 2106 1353 1747 381 631 391 186 410 60 1084 66 1766 1515 51 749 809 215 1338 1865 697 1337 1866 473 1506 1314 442 1090 822 1343 1783 2029 1060 1864 1870 214 1068 1117 665 1836 82 268 1791 1093 1284 1459 2101 455 1425 1020
(ryskal) 511 : 361 1795 1800 193 55 959 929 314 269 1560 1680 1953 775 1330 616 439 823 933 264 213 724 1342 83 382 1781 1334 1529 1411 1412 494 1876 799 800 981 155 356 1011 172 1585 1728 2106 1353 1747 381 631 391 186 410 60 1084 66 1766 1515 51 749 809 215 1338 1865 697 1337 1866 473 1506 1314 442 1090 822 1343 1783 2029 1060 1864 1870 214 1068 1117 665 1836 82 268 1791 1093 1284 1459 2101 455 1425 1020 1266 1227
(ryskal) 512 : 361 1795 1800 193 55 959 929 314 269 1560 1680 1953 775 1330 616 439 823 933 264 213 724 1342 83 382 1781 1334 1529 1411 1412 494 1876 799 800 981 155 356 1011 172 1585 1728 2106 1353 1747 381 631 391 186 410 60 1084 66 1766 1515 51 749 809 215 1338 1865 697 1337 1866 473 1506 1314 442 1090 822 1343 1783 2029 1060 1864 1870 214 1068 1117 665 1836 82 268 1791 1093 1284 1459 1862 2101 455 1425 1020 1266 1227 1863 384 26 665 1776 1508 255 744
(ryskal) 513 : 361 1795 1800 193 55 959 929 314 269 1560 1680 1953 775 1330 616 439 823 933 264 213 724 1342 83 382 1781 1334 1529 1411 1412 494 1876 799 800 981 155 356 1011 172 1585 1728 2106 1353 1747 381 631 391 186 410 60 1084 66 1766 1515 51 749 809 215 1338 1865 697 1337 1866 473 1506 1314 442 1090 822 1343 1783 2029 1060 1864 1870 214 1068 1117 665 1836 82 268 1791 1093 1284 1459 1862 2101 455 1425 1020 1266 1227 1863 384 26 665 1776 1508 255 744 169 614 244 2120 814 1616 1597 1679 1335 105
(ryskal) 522 : 42 361 1795 1800 193 55 959 929 314 269 1560 1680 1953 775 1330 616 439 823 933 264 213 724 1342 83 382 1781 1334 1529 1411 1412 494 1876 799 800 981 155 356 1011 172 1585 1728 2106 1353 1747 381 631 391 186 410 60 1084 66 1766 1515 51 749 809 215 1338 1865 697 1337 1866 473 1506 1314 442 1090 822 1343 1783 2029 1060 1864 1870 214 1068 1117 665 1836 82 268 1791 1093 1284 1459 1862 2101 455 1425 1020 1266 1227 1863 384 26 665 1776 1508 255 744 169 614 244 2120 814 1616 1597 1679 1335 105 1089 1268
(ryskal) 514 : 361 1795 1800 193 55 959 929 314 269 1560 1680 1953 775 1330 616 439 823 933 264 213 724 1342 83 382 1781 1334 1529 1411 1412 494 1876 799 800 981 155 356 1011 172 1585 1728 2106 1353 1747 381 631 391 186 410 60 1084 66 1766 1515 51 749 809 215 1338 1865 697 1337 1866 473 1506 1314 442 1090 822 1343 1783 2029 1060 1864 1870 214 1068 1117 665 1836 82 268 1791 1093 1284 1459 1862 2101 455 1425 1020 1266 1227 1863 384 26 665 1776 1508 255 744 169 614 244 2120 814 1616 1597 1679 1335 105 1089 1268 1126 1500 1924 1659 619 1223
(ryskal) 515 : 361 1795 1800 193 55 959 929 314 269 1560 1680 1953 775 1330 616 439 823 933 264 213 724 1342 83 382 1781 1334 1529 1411 1412 494 1876 799 800 981 155 356 1011 172 1585 1728 2106 1353 1747 381 631 391 186 410 60 1084 66 1766 1515 51 749 809 215 1338 1865 697 1337 1866 473 1506 1314 442 1090 822 1343 1783 2029 1060 1864 1870 214 1068 1117 665 1836 82 268 1791 1093 1284 1459 1862 2101 455 1425 1020 1266 1227 1863 384 26 665 1776 1508 255 744 169 614 244 2120 814 1616 1597 1679 1335 105 1089 1268 1126 1500 1924 1659 619 1223 1940
(ryskal) 516 : 361 1795 1800 193 55 959 929 314 269 1560 1680 1953 775 1330 616 439 823 933 264 213 724 1342 83 382 1781 1334 1529 1411 1412 494 1876 799 800 981 155 356 1011 172 1585 1728 2106 1353 1747 381 631 391 186 410 60 1084 66 1766 1515 51 749 809 215 1338 1865 697 1337 1866 473 1506 1314 442 1090 822 1343 1783 2029 1060 1864 1870 214 1068 1117 665 1836 82 268 1791 1093 1284 1459 1862 2101 455 1425 1020 1266 1227 1863 384 26 665 1776 1508 255 744 169 614 244 2120 814 1616 1597 1679 1335 105 1089 1268 1126 1500 1924 1659 619 1223 1940 415 1009 179 364 469 1062 1187 1233 1345 99 748 414 1333 611 406 1176 714 894 1356 1138 815 1279 813 1026
(ryskal) 517 : 361 1795 1800 193 55 959 929 314 269 1560 1680 1953 775 1330 616 439 823 933 264 213 724 1342 83 382 1781 1334 1529 1411 1412 494 1876 799 800 981 155 356 1011 172 1585 1728 2106 1353 1747 381 631 391 186 410 60 1084 66 1766 1515 51 749 809 215 1338 1865 697 1337 1866 473 1506 1314 442 1090 822 1343 1783 2029 1060 1864 1870 214 1068 1117 665 1836 82 268 1791 1093 1284 1459 1862 2101 455 1425 1020 1266 1227 1863 384 26 665 1776 1508 255 744 169 614 244 2120 814 1616 1597 1679 1335 105 1089 1268 1126 1500 1924 1659 619 1223 1940 415 1009 179 364 469 1062 1187 1233 1345 99 748 414 1333 611 406 1176 714 894 1356 1138 815 1279 813 1026 1080 1255 1861 2050 676 414 677 1789 358 2045 44 1840 229 2044 42 1746 1745
(ryskal) 519 : 361 1795 1800 193 55 959 929 314 269 1560 1680 1953 775 1330 616 439 823 933 264 213 724 1342 83 382 1781 1334 1529 1411 1412 494 1876 799 800 981 155 356 1011 172 1585 1728 2106 1353 1747 381 631 391 186 410 60 1084 66 1766 1515 51 749 809 215 1338 1865 697 1337 1866 473 1506 1314 442 1090 822 1343 1783 2029 1060 1864 1870 214 1068 1117 665 1836 82 268 1791 1093 1284 1459 1862 2101 455 1425 1020 1266 1227 1863 384 26 665 1776 1508 255 744 169 614 244 2120 814 1616 1597 1679 1335 105 1089 1268 1126 1500 1924 1659 619 1223 1940 415 1009 179 364 469 1062 1187 1233 1345 99 748 414 1333 611 406 1176 714 894 1356 1138 815 1279 813 1026 1080 1255 1861 2050 676 414 677 1789 358 2045 44 1840 229 2044 42 1746 1745 1633 422 653 423 895 2041 310 1545 1429
(ryskal) 518 : 361 1795 1800 193 55 959 929 314 269 1560 1680 1953 775 1330 616 439 823 933 264 213 724 1342 83 382 1781 1334 1529 1411 1412 494 1876 799 800 981 155 356 1011 172 1585 1728 2106 1353 1747 381 631 391 186 410 60 1084 66 1766 1515 51 749 809 215 1338 1865 697 1337 1866 473 1506 1314 442 1090 822 1343 1783 2029 1060 1864 1870 214 1068 1117 665 1836 82 268 1791 1093 1284 1459 1862 2101 455 1425 1020 1266 1227 1863 384 26 665 1776 1508 255 744 169 614 244 2120 814 1616 1597 1679 1335 105 1089 1268 1126 1500 1924 1659 619 1223 1940 415 1009 179 364 469 1062 1187 1233 1345 99 748 414 1333 611 406 1176 714 894 1356 1138 815 1279 813 1026 1080 1255 1861 2050 676 414 677 1789 358 2045 44 1840 229 2044 42 1746 1745 1633 422 653 423 895 2041 310 1545 1429 1072 276 253 138 239 1024 219 625 1082 2062 2099 1833 50 165 1174 2105 1306
(ryskal) 520 : 361 1795 1800 193 55 959 929 314 269 1560 1680 1953 775 1330 616 439 823 933 264 213 724 1342 83 382 1781 1334 1529 1411 1412 494 1876 799 800 981 155 356 1011 172 1585 1728 2106 1353 1747 381 631 391 186 410 60 1084 66 1766 1515 51 749 809 215 1338 1865 697 1337 1866 473 1506 1314 442 1090 822 1343 1783 2029 1060 1864 1870 214 1068 1117 665 1836 82 268 1791 1093 1284 1459 1862 2101 455 1425 1020 1266 1227 1863 384 26 665 1776 1508 255 744 169 614 244 2120 814 1616 1597 1679 1335 105 1089 1268 1126 1500 1924 1659 619 1223 1940 415 1009 179 364 469 1062 1187 1233 1345 99 748 414 1333 611 406 1176 714 894 1356 1138 815 1279 813 1026 1080 1255 1861 2050 676 414 677 1789 358 2045 44 1840 229 2044 42 1746 1745 1633 422 653 423 895 2041 310 1545 1429 1072 276 253 138 239 1024 219 625 1082 2062 2099 1833 50 165 1174 2105 1306 1583 1347 54 816
