(AspenNr) 903 : 15 18 19 20 21 26 28 30 31 34 35 37 38 40 43 45 51 55 77 79 80 81 84 93 96 97 104 105 107 108 109 116 122 123 126 127 137 140 144 147 149 171 175 177 182 192 193 194 201 203 212 213 214 218 232 235 239 246 248 254 292 300 302 305 327 349 352 358 367 377 384 402 404 409 420 461 486 509 511 522 529 526 530 537 550 551 563 564 569 574 598 613 615 631 638 639 645 650 653 660 662 676 685 687 692 708 716 728 750 751 754 757 763 766 770 784 805 807 808 819 838 842 855 893 897 911 914 948 990 996 1016 1022 1035 1040 1042 1043 1052 1065 1067 1088 1089 1092 1133 1154 1155 1179 1183 1186 1191 1197 1209 1217 1223 1256 1258 1281 1312 1329 1331 1334 1337 1347 1348 1356 1380 1387 1391 1396 1402 1404 1410 1414 1419 1421 1426 1439 1441 1445 1446 1451 1462 1468 1477 1504 1529 1532 1535 1543 1550 1555 1562 1565 1572 1577 1581 1595 1605 1609 1618 1626 1631 1637 1664 1678 1679 1688 1708 1710 1713 1736 1739 1741 1745 1747 1753 1769 1775 1777 1782 1785 1790 1796 1797 1805 1806 1808 1815 1816 1824 1830 1848 1859 1860 1884 1891 1912 1914 1917

(AspenNr) 902 : 218 509 766 1088 1462 1468 1581 1618 1747 1805 1808 ; 18 19 26 144 177 182 192 412 413 563 598 662 751 754 757 784 1042 1043 1191 1391 1419 1441 1543 1595 1609 1736 1753

(AspenNr) 906 : 18 19 20 21 26 28 35 40 43 51 77 79 81 93 96 105 107 108 122 123 126 127 140 144 147 149 171 175 177 182 192 193 201 203 212 213 214 218 232 235 239 246 248 254 292 300 302 349 358 367 377 384 402 404 409 461 486 509 511 522 526 530 537 550 563 564 569 574 598 613 615 631 638 639 645 650 653 660 662 685 687 692 716 728 750 751 754 757 763 766 770 784 805 807 808 819 838 842 855 893 897 911 914 990 1016 1040 1042 1043 1052 1065 1067 1088 1133 1154 1155 1179 1183 1186 1191 1197 1209 1217 1223 1256 1258 1281 1312 1331 1334 1337 1347 1348 1380 1387 1391 1396 1402 1404 1414 1419 1421 1426 1439 1441 1445 1446 1451 1462 1468 1477 1504 1529 1532 1535 1543 1550 1555 1562 1565 1577 1581 1595 1605 1609 1618 1626 1631 1637 1664 1678 1679 1688 1708 1710 1713 1736 1739 1741 1745 1747 1753 1769 1777 1782 1785 1796 1797 1805 1806 1808 1815 1816 1824 1830 1848 1859 1860 1891 1914 1917

(AspenNr) 905 : 15 18 19 20 21 26 28 35 34 37 38 40 43 45 51 77 79 81 93 96 105 107 108 109 122 123 126 127 137 140 144 147 149 171 175 177 182 192 193 194 201 203 212 213 214 218 232 235 239 246 248 254 274 292 300 302 305 327 349 352 358 367 377 384 402 404 409 420 461 486 509 511 522 526 529 530 537 550 551 563 564 569 574 598 613 615 631 638 639 645 650 653 660 662 676 685 687 692 708 716 728 750 751 754 757 763 766 770 784 805 807 808 819 838 842 855 893 897 911 914 935 948 990 996 1016 1022 1035 1040 1042 1043 1052 1065 1067 1088 1133 1154 1155 1179 1183 1186 1191 1197 1209 1217 1223 1256 1258 1266 1281 1312 1329 1331 1334 1337 1347 1348 1356 1380 1387 1391 1396 1402 1404 1410 1414 1419 1421 1426 1439 1441 1445 1446 1451 1462 1468 1477 1504 1529 1532 1535 1543 1550 1555 1562 1565 1572 1577 1581 1595 1605 1609 1618 1626 1631 1637 1664 1678 1679 1688 1708 1710 1713 1736 1739 1741 1745 1747 1753 1754 1755 1769 1775 1777 1782 1785 1790 1796 1797 1805 1806 1808 1815 1816 1824 1830 1848 1859 1860 1884 1891 1912 1914 1917

(AspenNr) 904 : 15 18 19 20 21 26 28 35 40 43 45 51 77 81 93 96 105 107 108 122 123 126 127 140 144 147 149 171 175 177 182 192 193 201 203 212 213 214 218 232 235 239 246 248 254 292 300 302 358 367 377 384 402 404 409 420 461 486 509 511 522 526 530 537 550 563 564 569 574 598 613 615 631 638 639 645 653 650 660 662 685 687 692 716 728 750 751 754 757 763 766 770 784 805 807 808 819 838 842 855 893 897 911 914 990 1016 1040 1042 1043 1052 1065 1067 1088 1133 1154 1155 1179 1183 1186 1191 1197 1209 1217 1223 1256 1258 1281 1312 1331 1334 1337 1347 1348 1380 1387 1391 1396 1402 1404 1414 1419 1421 1426 1439 1441 1445 1446 1451 1462 1468 1477 1504 1529 1532 1535 1543 1550 1555 1562 1565 1577 1581 1595 1605 1609 1618 1626 1631 1637 1664 1678 1679 1688 1708 1710 1713 1736 1739 1741 1745 1747 1753 1769 1777 1782 1785 1796 1797 1805 1806 1808 1815 1816 1824 1830 1848 1859 1860 1891 1914 1917

(AspenNr) 901 : 218 509 766 1462 1468 1581 1618 1805 1747 1808 ; 144 182 192 563 598 662 751 754 757 784 855 1043 1191 1391 1419 1441 1543 1609 1753

(AspenNr) 907 : 15 18 19 20 21 26 28 35 40 43 45 51 77 81 93 96 105 107 108 122 123 126 127 140 144 147 149 171 175 177 182 192 193 201 203 213 212 214 232 239 246 248 254 292 300 302 327 349 358 367 377 384 402 404 409 420 461 486 509 511 522 526 530 537 550 563 564 569 574 598 613 615 631 638 639 645 650 653 660 662 685 687 692 716 728 750 751 754 757 763 766 770 784 805 807 808 819 838 842 855 893 897 911 914 990 1016 1040 1042 1043 1052 1065 1067 1088 1133 1154 1155 1179 1183 1186 1191 1197 1209 1217 1223 1256 1258 1281 1312 1331 1334 1337 1347 1348 1380 1387 1391 1396 1402 1404 1414 1419 1421 1426 1439 1441 1445 1446 1451 1462 1468 1477 1504 1529 1532 1535 1543 1550 1555 1562 1565 1577 1581 1595 1605 1609 1618 1626 1631 1637 1664 1678 1679 1688 1708 1710 1713 1736 1739 1741 1745 1747 1753 1769 1777 1782 1785 1796 1797 1805 1806 1808 1815 1816 1824 1830 1848 1859 1860 1891 1914 1917
