(garg) 1276 : 1719 880 1738 311 92 425 174 834 792 1160 465 33 61 153 861 1351 1891 1216 665 421 1454 424 1435 977 197 429 908 1567 643 402 19 1736

(garg) 1244 : 1719 880 1738 311 92 425 174 834 792 1160 465 33 61 153 861 1351 1891 1216 665 421 1454 424 1435 977 197 429 908 1567 643 402 19 1736

(garg) 1237 : 1719 880 1738 311 92 425 174 834 792 1160 465 33 61 153 861 1351 1891 1216 665 421 1454 424 1435 977 197 429 908 1567 643 402 19 1736

(garg) 1250 : 1719 880 1738 311 92 425 174 834 792 1160 465 33 61 153 861 1351 1891 1216 665 421 1454 424 1435 977 197 429 908 1567 643 402 19 1736

(garg) 1286 : 1719 880 1738 311 92 425 174 834 792 1160 465 33 61 153 861 1351 1891 1216 665 421 1454 424 1435 977 197 429 908 1567 643 402 19 1736

(garg) 1307 : 1719 880 1738 311 92 425 174 834 792 1160 465 33 61 153 861 1351 1891 1216 665 421 1454 424 1435 977 197 429 908 1567 643 402 19 1736

(garg) 1252 : 1719 880 1738 311 92 425 174 834 792 1160 465 33 61 153 861 1351 1891 1216 665 421 1454 424 1435 977 197 429 908 1567 643 402 19 1736

(garg) 1289 : 1719 880 1738 311 92 425 174 834 792 1160 465 33 61 153 861 1351 1891 1216 665 421 1454 424 1435 977 197 429 908 1567 643 402 19 1736

(garg) 1257 : 1719 880 1738 311 92 425 174 834 792 1160 465 33 61 153 861 1351 1891 1216 665 421 1454 424 1435 977 197 429 908 1567 643 402 19 1736

(garg) 1288 : 1719 880 1738 311 92 425 174 834 792 1160 465 33 61 153 861 1351 1891 1216 665 421 1454 424 1435 977 197 429 908 1567 643 402 19 1736

(garg) 1300 : 1719 880 1738 311 92 425 174 834 792 1160 465 33 61 153 861 1351 1891 1216 665 421 1454 424 1435 977 197 429 908 1567 643 402 19 1736

(garg) 1236 : 1719 880 1738 311 92 425 174 834 792 1160 465 33 61 153 861 1351 1891 1216 665 421 1454 424 1435 977 197 429 908 1567 643 402 19 1736

(garg) 1238 : 92 425 174 834 792 1160 465 33 61 153 861 1351 1891 1216 665 421 1454 424 1435 977 197 429 908 1567 643 402 19 1736

(garg) 1255 : 92 425 174 834 792 1160 465 33 61 153 861 1351 1891 1216 665 421 1454 424 1435 977 197 429 908 1567 643 402 19 1736

(garg) 1228 : 92 425 174 834 792 1160 465 33 61 153 861 1351 1891 1216 665 421 1454 424 1435 977 197 429 908 1567 643 402 19 1736

(garg) 1253 : 92 425 174 834 792 1160 465 33 61 153 861 1351 1891 1216 665 421 1454 424 1435 977 197 429 908 1567 643 402 19 1736

(garg) 1259 : 92 425 174 834 792 1160 465 33 61 153 861 1351 1891 1216 665 421 1454 424 1435 977 197 429 908 1567 643 402 19 1736

(garg) 1268 : 92 425 174 834 792 1160 465 33 61 153 861 1351 1891 1216 665 421 1454 424 1435 977 197 429 908 1567 643 402 19 1736

(garg) 1294 : 92 425 174 834 792 1160 465 33 61 153 861 1351 1891 1216 665 421 1454 424 1435 977 197 429 908 1567 643 402 19 1736

(garg) 1308 : 92 425 174 834 792 1160 465 33 61 153 861 1351 1891 1216 665 421 1454 424 1435 977 197 429 908 1567 643 402 19 1736

(garg) 1256 : 92 425 174 834 792 1160 465 33 61 153 861 1351 1891 1216 665 421 1454 424 1435 977 197 429 908 1567 643 402 19 1736

(garg) 1229 : 92 425 174 834 792 1160 465 33 61 153 861 1351 1891 1216 665 421 1454 424 1435 977 197 429 908 1567 643 402 19 1736

(garg) 1232 : 92 425 174 834 792 1160 465 33 61 153 861 1351 1891 1216 665 421 1454 424 1435 977 197 429 908 1567 643 402 19 1736

(garg) 1233 : 465 33 61 153 861 1351 1891 1216 665 421 1454 424 1435 977 197 429 908 1567 643 402 19 1736

(garg) 1249 : 465 33 61 153 861 1351 1891 1216 665 421 1454 424 1435 977 197 429 908 1567 643 402 19 1736

(garg) 1292 : 465 33 61 153 861 1351 1891 1216 665 421 1454 424 1435 977 197 429 908 1567 643 402 19 1736

(garg) 1234 : 465 33 61 153 861 1351 1891 1216 665 421 1454 424 1435 977 197 429 908 1567 643 402 19 1736

(garg) 1235 : 465 33 61 153 861 1351 1891 1216 665 421 1454 424 1435 977 197 429 908 1567 643 402 19 1736

(garg) 1261 : 153 861 1351 1891 1216 665 421 1454 424 1435 977 197 429 908 1567 643 402 19 1736

(garg) 1262 : 153 861 1351 1891 1216 665 421 1454 424 1435 977 197 429 908 1567 643 402 19 1736

(garg) 1272 : 153 861 1351 1891 1216 665 421 1454 424 1435 977 197 429 908 1567 643 402 19 1736

(garg) 1311 : 1216 665 421 1454 424 1435 977 197 429 908 1567 643 402 19 1736

(garg) 1246 : 1216 665 421 1454 424 1435 977 197 429 908 1567 643 402 19 1736

(garg) 1290 : 1216 665 421 1454 424 1435 977 197 429 908 1567 643 402 19 1736

(garg) 1299 : 1216 665 421 1454 424 1435 977 197 429 908 1567 643 402 19 1736

(garg) 1303 : 1216 665 421 1454 424 1435 977 197 429 908 1567 643 402 19 1736

(garg) 1304 : 1216 665 421 1454 424 1435 977 197 429 908 1567 643 402 19 1736

(garg) 1298 : 1216 665 421 1454 424 1435 977 197 429 908 1567 643 402 19 1736

(garg) 1284 : 1435 977 197 429 908 1567 643 402 19 1736

(garg) 1305 : 1435 977 197 429 908 1567 643 402 19 1736

(garg) 1310 : 1435 977 197 429 908 1567 643 402 19 1736

(garg) 1251 : 908 1567 643 402 19 1736

(garg) 1295 : 908 1567 643 402 19 1736

(garg) 1287 : 908 1567 643 402 19 1736

(garg) 1264 : 908 1567 643 402 19 1736

(garg) 1248 : 908 1567 643 402 19 1736

(garg) 1271 : 908 1567 643 402 19 1736

(garg) 1293 : 908 1567 643 402 19 1736

(garg) 1301 : 908 1567 643 402 19 1736

(garg) 1241 : 402 19 1736

(garg) 1254 : 402 19 1736

(garg) 1242 : 402 19 1736

(garg) 1243 : 402 19 1736

(garg) 1265 : 402 19 1736

(garg) 1296 : 402 19 1736

(garg) 1309 : 402 19 1736

(garg) 1280 : 402 19 1736

(garg) 1302 : 402 19 1736

(garg) 1240 : 402 19 1736

(garg) 1263 : 19 1736

(garg) 1266 : 19 1736

(garg) 1258 : 19 1736

(garg) 1247 : 19 1736

(garg) 1260 : 19 1736

(garg) 1231 :

(garg) 1230 :

(garg) 1239 :
