(gror) 875 : 25 655 656 ; 718
(gror) 889 : 25 655 656 718 1740 18 171 1850 26 757 ; 29 442 177 24 1067 147 599 1156 1037 234 1045 412 413 550 217 1688 1710 1808
(gror) 869 : 25 655 656 718 1740 18 171 1850 26 757 29 442 177 24 1067 147 599 1156 1037 234 1045 412 413 550 217 1688 1710 1808 300 1813 908 855 341 104 1645 593 315 244 958 332 1659 647 399 1739 28 302 21 935 172 1703 298 354 1748 1849 1161 1767 347 250
(gror) 876 : 25 655 656 718 1740 18 171 1850 26 757 29 442 177 24 1067 147 599 1156 1037 234 1045 412 413 550 217 1688 1710 1808 300 1813 908 855 341 104 1645 593 315 244 958 332 1659 647 399 1739 28 302 21 935 172 1703 298 354 1748 1849 1161 1767 347 250
(gror) 877 : 25 655 656 718 1740 18 171 1850 26 757 29 442 177 24 1067 147 599 1156 1037 234 1045 412 413 550 217 1688 1710 1808 300 1813 908 855 341 104 1645 593 315 244 958 332 1659 647 399 1739 28 302 21 935 172 1703 298 354 1748 1849 1161 1767 347 250
(gror) 878 : 25 655 656 718 1740 18 171 1850 26 757 29 442 177 24 1067 147 599 1156 1037 234 1045 412 413 550 217 1688 1710 1808 300 1813 908 855 341 104 1645 593 315 244 958 332 1659 647 399 1739 28 302 21 935 172 1703 298 354 1748 1849 1161 1767 347 250
(gror) 885 : 25 655 656 718 1740 18 171 1850 26 757 29 442 177 24 1067 147 599 1156 1037 234 1045 412 413 550 217 1688 1710 1808 300 1813 908 855 341 104 1645 593 315 244 958 332 1659 647 399 1739 28 302 21 935 172 1703 298 354 1748 1849 1161 1767 347 250
(gror) 886 : 25 655 656 718 1740 18 171 1850 26 757 29 442 177 24 1067 147 599 1156 1037 234 1045 412 413 550 217 1688 1710 1808 300 1813 908 855 341 104 1645 593 315 244 958 332 1659 647 399 1739 28 302 21 935 172 1703 298 354 1748 1849 1161 1767 347 250
(gror) 887 : 25 655 656 718 1740 18 171 1850 26 757 29 442 177 24 1067 147 599 1156 1037 234 1045 412 413 550 217 1688 1710 1808 300 1813 908 855 341 104 1645 593 315 244 958 332 1659 647 399 1739 28 302 21 935 172 1703 298 354 1748 1849 1161 1767 347 250
(gror) 888 : 25 655 656 718 1740 18 171 1850 26 757 29 442 177 24 1067 147 599 1156 1037 234 1045 412 413 550 217 1688 1710 1808 300 1813 908 855 341 104 1645 593 315 244 958 332 1659 647 399 1739 28 302 21 935 172 1703 298 354 1748 1849 1161 1767 347 250
(gror) 890 : 25 655 656 718 1740 18 171 1850 26 757 29 442 177 24 1067 147 599 1156 1037 234 1045 412 413 550 217 1688 1710 1808 300 1813 908 855 341 104 1645 593 315 244 958 332 1659 647 399 1739 28 302 21 935 172 1703 298 354 1748 1849 1161 1767 347 250
(gror) 870 : 25 655 656 718 1740 18 171 1850 26 757 29 442 177 24 1067 147 599 1156 1037 234 1045 412 413 550 217 1688 1710 1808 300 1813 908 855 341 104 1645 593 315 244 958 332 1659 647 399 1739 28 302 21 935 172 1703 298 354 1748 1849 1161 1767 347 250 752 769 117 923 1632 922 519 235 624 70 540 578 928 275 1025 1773 1065 128 753 858 1894
(gror) 871 : 25 655 656 718 1740 18 171 1850 26 757 29 442 177 24 1067 147 599 1156 1037 234 1045 412 413 550 217 1688 1710 1808 300 1813 908 855 341 104 1645 593 315 244 958 332 1659 647 399 1739 28 302 21 935 172 1703 298 354 1748 1849 1161 1767 347 250 752 769 117 923 1632 922 519 235 624 70 540 578 928 275 1025 1773 1065 128 753 858 1894
(gror) 872 : 25 655 656 718 1740 18 171 1850 26 757 29 442 177 24 1067 147 599 1156 1037 234 1045 412 413 550 217 1688 1710 1808 300 1813 908 855 341 104 1645 593 315 244 958 332 1659 647 399 1739 28 302 21 935 172 1703 298 354 1748 1849 1161 1767 347 250 752 769 117 923 1632 922 519 235 624 70 540 578 928 275 1025 1773 1065 128 753 858 1894
(gror) 873 : 25 655 656 718 1740 18 171 1850 26 757 29 442 177 24 1067 147 599 1156 1037 234 1045 412 413 550 217 1688 1710 1808 300 1813 908 855 341 104 1645 593 315 244 958 332 1659 647 399 1739 28 302 21 935 172 1703 298 354 1748 1849 1161 1767 347 250 752 769 117 923 1632 922 519 235 624 70 540 578 928 275 1025 1773 1065 128 753 858 1894
(gror) 874 : 25 655 656 718 1740 18 171 1850 26 757 29 442 177 24 1067 147 599 1156 1037 234 1045 412 413 550 217 1688 1710 1808 300 1813 908 855 341 104 1645 593 315 244 958 332 1659 647 399 1739 28 302 21 935 172 1703 298 354 1748 1849 1161 1767 347 250 752 769 117 923 1632 922 519 235 624 70 540 578 928 275 1025 1773 1065 128 753 858 1894
(gror) 879 : 25 655 656 718 1740 18 171 1850 26 757 29 442 177 24 1067 147 599 1156 1037 234 1045 412 413 550 217 1688 1710 1808 300 1813 908 855 341 104 1645 593 315 244 958 332 1659 647 399 1739 28 302 21 935 172 1703 298 354 1748 1849 1161 1767 347 250 752 769 117 923 1632 922 519 235 624 70 540 578 928 275 1025 1773 1065 128 753 858 1894
(gror) 880 : 25 655 656 718 1740 18 171 1850 26 757 29 442 177 24 1067 147 599 1156 1037 234 1045 412 413 550 217 1688 1710 1808 300 1813 908 855 341 104 1645 593 315 244 958 332 1659 647 399 1739 28 302 21 935 172 1703 298 354 1748 1849 1161 1767 347 250 752 769 117 923 1632 922 519 235 624 70 540 578 928 275 1025 1773 1065 128 753 858 1894
(gror) 881 : 25 655 656 718 1740 18 171 1850 26 757 29 442 177 24 1067 147 599 1156 1037 234 1045 412 413 550 217 1688 1710 1808 300 1813 908 855 341 104 1645 593 315 244 958 332 1659 647 399 1739 28 302 21 935 172 1703 298 354 1748 1849 1161 1767 347 250 752 769 117 923 1632 922 519 235 624 70 540 578 928 275 1025 1773 1065 128 753 858 1894
(gror) 882 : 25 655 656 718 1740 18 171 1850 26 757 29 442 177 24 1067 147 599 1156 1037 234 1045 412 413 550 217 1688 1710 1808 300 1813 908 855 341 104 1645 593 315 244 958 332 1659 647 399 1739 28 302 21 935 172 1703 298 354 1748 1849 1161 1767 347 250 752 769 117 923 1632 922 519 235 624 70 540 578 928 275 1025 1773 1065 128 753 858 1894
(gror) 883 : 25 655 656 718 1740 18 171 1850 26 757 29 442 177 24 1067 147 599 1156 1037 234 1045 412 413 550 217 1688 1710 1808 300 1813 908 855 341 104 1645 593 315 244 958 332 1659 647 399 1739 28 302 21 935 172 1703 298 354 1748 1849 1161 1767 347 250 752 769 117 923 1632 922 519 235 624 70 540 578 928 275 1025 1773 1065 128 ; 753 858 1894
(gror) 884 : 25 655 656 718 1740 18 171 1850 26 757 29 442 177 24 1067 147 599 1156 1037 234 1045 412 413 550 217 1688 1710 1808 300 1813 908 855 341 104 1645 593 315 244 958 332 1659 647 399 1739 28 302 21 935 172 1703 298 354 1748 1849 1161 1767 347 250 752 769 117 923 1632 922 519 235 624 70 540 578 928 275 1025 1773 1065 128 ; 753 858 1894
