(ryskal) 685 : 710 402 144
(ryskal) 684 : 1543 701 710 402 144
(ryskal) 832 : 1543 701 710 402 144
(ryskal) 686 : 1543 701 710 402 144
(ryskal) 687 : 1543 701 710 402 144 1736 1613 1595 1191 1128 1462
(ryskal) 688 : 1736 1613 1595 1191 1128 1462 1543 701 710 402 144 833 493 793 916 781 1564 563 377 774 375 15 415 251 1148 707
(ryskal) 692 : 1564 563 377 774 375 15 415 251 1148 707 1736 1613 1595 1191 1128 1462 1543 701 710 402 144 891 1267 833 493 793 916 781
(ryskal) 689 : 916 781 1564 563 377 774 375 15 415 251 1148 707 1736 1613 1595 1191 1128 1462 1543 701 710 402 144 1924 1312 22 891 1267 833 493 793
(ryskal) 690 : 1564 563 377 774 375 15 415 251 1148 707 1736 1613 1595 1191 1128 1462 1543 701 710 402 144 1446 182 1924 1312 22 891 1267 833 493 793 916 781
(ryskal) 691 : 1564 563 377 774 375 15 415 251 1148 707 1736 1613 1595 1191 1128 1462 1543 701 710 402 144 1446 182 1924 1312 22 891 1267 833 493 793 916 781 177
(ryskal) 694 : 1564 563 377 774 375 15 415 251 1148 707 1736 1613 1595 1191 1128 1462 1543 701 710 402 144 1446 182 1924 1312 22 891 1267 833 493 793 916 781 177
(ryskal) 693 : 1564 563 377 774 375 15 415 251 1148 707 1736 1613 1595 1191 1128 1462 1543 701 710 402 144 1446 182 1924 1312 22 891 1267 833 493 793 916 781 177 65 659 1488 1134 496 1209 1247 102 717 1393 1818
(ryskal) 696 : 1564 563 377 774 375 15 415 251 1148 707 1736 1613 1595 1191 1128 1462 1543 701 710 402 144 1446 182 1924 1312 22 891 1267 833 493 793 916 781 177 65 659 1488 1134 496 1209 1247 102 717 1393 1818 231 909 1633 137 1797
(ryskal) 698 : 1564 563 377 774 375 15 415 251 1148 707 1736 1613 1595 1191 1128 1462 1543 701 710 402 144 1446 182 1924 1312 22 891 1267 833 493 793 916 781 177 65 659 1488 1134 496 1209 1247 102 717 1393 1818 231 909 1633 137 1797 122 864 1504 219 196 1331 598 1511 1419
(ryskal) 700 : 1564 563 377 774 375 15 415 251 1148 707 1736 1613 1595 1191 1128 1462 1543 701 710 402 144 1446 182 1924 1312 22 891 1267 833 493 793 916 781 177 65 659 1488 1134 496 1209 1247 102 717 1393 1818 231 909 1633 137 1797 122 864 1504 219 196 1331 598 1511 1419 1805 1030 1709 292 594 940 1590
(ryskal) 702 : 1564 563 377 774 375 15 415 251 1148 707 1736 1613 1595 1191 1128 1462 1543 701 710 402 144 1446 182 1924 1312 22 891 1267 833 493 793 916 781 177 65 659 1488 1134 496 1209 1247 102 717 1393 1818 231 909 1633 137 1797 122 864 1504 219 196 1331 598 1511 1419 1805 1030 1709 292 594 940 1590 1581 1618 1806 914 1816 1179 214 1088 1348 1713
(ryskal) 703 : 1564 563 377 774 375 15 415 251 1148 707 1736 1613 1595 1191 1128 1462 1543 701 710 402 144 1446 182 1924 1312 22 891 1267 833 493 793 916 781 177 65 659 1488 1134 496 1209 1247 102 717 1393 1818 231 909 1633 137 1797 122 864 1504 219 196 1331 598 1511 1419 1805 1030 1709 292 594 940 1590 1581 1618 1806 914 1816 1179 214 1088 1348 1713 1567 604 1565 1093 766 105 1230 758 160 1137 1685 1301
(ryskal) 729 : 1564 563 377 774 375 15 415 251 1148 707 1736 1613 1595 1191 1128 1462 1543 701 710 402 144 1446 182 1924 1312 22 891 1267 833 493 793 916 781 177 65 659 1488 1134 496 1209 1247 102 717 1393 1818 231 909 1633 137 1797 122 864 1504 219 196 1331 598 1511 1419 1805 1030 1709 292 594 940 1590 1581 1618 1806 914 1816 1179 214 1088 1348 1713 1567 604 1565 1093 766 105 1230 758 160 1137 1685 1301
(ryskal) 705 : 1564 563 377 774 375 15 415 251 1148 707 1736 1613 1595 1191 1128 1462 1543 701 710 402 144 1446 182 1924 1312 22 891 1267 833 493 793 916 781 177 65 659 1488 1134 496 1209 1247 102 717 1393 1818 231 909 1633 137 1797 122 864 1504 219 196 1331 598 1511 1419 1805 1030 1709 292 594 940 1590 1581 1618 1806 914 1816 1179 214 1088 1348 1713 1567 604 1565 1093 766 105 1230 758 160 1137 1685 1301 171 757 523 1808 18 26 1067 401 573 588 1302 421 436 20
(ryskal) 709 : 1564 563 377 774 375 15 415 251 1148 707 1736 1613 1595 1191 1128 1462 1543 701 710 402 144 1446 182 1924 1312 22 891 1267 833 493 793 916 781 177 65 659 1488 1134 496 1209 1247 102 717 1393 1818 231 909 1633 137 1797 122 864 1504 219 196 1331 598 1511 1419 1805 1030 1709 292 594 940 1590 1581 1618 1806 914 1816 1179 214 1088 1348 1713 1567 604 1565 1093 766 105 1230 758 160 1137 1685 1301 171 757 523 1808 18 26 1067 401 573 588 1302 421 436 20
(ryskal) 706 : 1564 563 377 774 375 15 415 251 1148 707 1736 1613 1595 1191 1128 1462 1543 701 710 402 144 1446 182 1924 1312 22 891 1267 833 493 793 916 781 177 65 659 1488 1134 496 1209 1247 102 717 1393 1818 231 909 1633 137 1797 122 864 1504 219 196 1331 598 1511 1419 1805 1030 1709 292 594 940 1590 1581 1618 1806 914 1816 1179 214 1088 1348 1713 1567 604 1565 1093 766 105 1230 758 160 1137 1685 1301 171 757 523 1808 18 26 1067 401 573 588 1302 421 436 20 300 1183 655 1161 147 599 1156 1398 642 921 1796 1708 639 667 442 1577 1710 1535 1892 1769 615 1532 1812 641 844 471 610 407 186 1845 1519
(ryskal) 708 : 1564 563 377 774 375 15 415 251 1148 707 1736 1613 1595 1191 1128 1462 1543 701 710 402 144 1446 182 1924 1312 22 891 1267 833 493 793 916 781 177 65 659 1488 1134 496 1209 1247 102 717 1393 1818 231 909 1633 137 1797 122 864 1504 219 196 1331 598 1511 1419 1805 1030 1709 292 594 940 1590 1581 1618 1806 914 1816 1179 214 1088 1348 1713 1567 604 1565 1093 766 105 1230 758 160 1137 1685 1301 171 757 523 1808 18 26 1067 401 573 588 1302 421 436 20 300 1183 655 1161 147 599 1156 1398 642 921 1796 1708 639 667 442 1577 1710 1535 1892 1769 615 1532 1812 641 844 471 610 407 186 1845 1519 749 1036 1217
(ryskal) 713 : 1564 563 377 774 375 15 415 251 1148 707 1736 1613 1595 1191 1128 1462 1543 701 710 402 144 1446 182 1924 1312 22 891 1267 833 493 793 916 781 177 65 659 1488 1134 496 1209 1247 102 717 1393 1818 231 909 1633 137 1797 122 864 1504 219 196 1331 598 1511 1419 1805 1030 1709 292 594 940 1590 1581 1618 1806 914 1816 1179 214 1088 1348 1713 1567 604 1565 1093 766 105 1230 758 160 1137 1685 1301 171 757 523 1808 18 26 1067 401 573 588 1302 421 436 20 300 1183 655 1161 147 599 1156 1398 642 921 1796 1708 639 667 442 1577 1710 1535 1892 1769 615 1532 1812 641 844 471 610 407 186 1845 1519 749 1036 1217 821 596 1569 384 35 595 1090
(ryskal) 712 : 1564 563 377 774 375 15 415 251 1148 707 1736 1613 1595 1191 1128 1462 1543 701 710 402 144 1446 182 1924 1312 22 891 1267 833 493 793 916 781 177 65 659 1488 1134 496 1209 1247 102 717 1393 1818 231 909 1633 137 1797 122 864 1504 219 196 1331 598 1511 1419 1805 1030 1709 292 594 940 1590 1581 1618 1806 914 1816 1179 214 1088 1348 1713 1567 604 1565 1093 766 105 1230 758 160 1137 1685 1301 171 757 523 1808 18 26 1067 401 573 588 1302 421 436 20 300 1183 655 1161 147 599 1156 1398 642 921 1796 1708 639 667 442 1577 1710 1535 1892 1769 615 1532 1812 641 844 471 610 407 186 1845 1519 749 1036 1217 821 596 1569 384 35 595 1090 950 990
(ryskal) 714 : 1564 563 377 774 375 15 415 251 1148 707 1736 1613 1595 1191 1128 1462 1543 701 710 402 144 1446 182 1924 1312 22 891 1267 833 493 793 916 781 177 65 659 1488 1134 496 1209 1247 102 717 1393 1818 231 909 1633 137 1797 122 864 1504 219 196 1331 598 1511 1419 1805 1030 1709 292 594 940 1590 1581 1618 1806 914 1816 1179 214 1088 1348 1713 1567 604 1565 1093 766 105 1230 758 160 1137 1685 1301 171 757 523 1808 18 26 1067 401 573 588 1302 421 436 20 300 1183 655 1161 147 599 1156 1398 642 921 1796 1708 639 667 442 1577 1710 1535 1892 1769 615 1532 1812 641 844 471 610 407 186 1845 1519 749 1036 1217 821 596 1569 384 35 595 1090 950 990 1333 1688 1574 291
(ryskal) 715 : 1564 563 377 774 375 15 415 251 1148 707 1736 1613 1595 1191 1128 1462 1543 701 710 402 144 1446 182 1924 1312 22 891 1267 833 493 793 916 781 177 65 659 1488 1134 496 1209 1247 102 717 1393 1818 231 909 1633 137 1797 122 864 1504 219 196 1331 598 1511 1419 1805 1030 1709 292 594 940 1590 1581 1618 1806 914 1816 1179 214 1088 1348 1713 1567 604 1565 1093 766 105 1230 758 160 1137 1685 1301 171 757 523 1808 18 26 1067 401 573 588 1302 421 436 20 300 1183 655 1161 147 599 1156 1398 642 921 1796 1708 639 667 442 1577 1710 1535 1892 1769 615 1532 1812 641 844 471 610 407 186 1845 1519 749 1036 1217 821 596 1569 384 35 595 1090 950 990 1333 1688 1574 291 816 1820
