(staszek) 634 : 377 1267 793 916 889 402 685 710 1924 218
(staszek) 623 : 377 1267 793 916 889 402 685 710 1924 218
(staszek) 627 : 377 1267 793 916 889 402 685 710 1924 218
(staszek) 620 : 377 1267 793 916 889 402 685 710 1924 218
(staszek) 628 : 377 1267 793 916 889 402 685 710 1924 218
(staszek) 630 : 377 1267 793 916 889 402 685 710 1924 218
(staszek) 631 : 377 1267 793 916 889 402 685 710 1924 218
(staszek) 632 : 377 1267 793 916 889 402 685 710 1924 218
(staszek) 636 : 377 1267 793 916 889 402 685 710 1924 218
(staszek) 633 : 377 1267 793 916 889 402 685 710 1924 218 153 861 573 1892
(staszek) 641 : 377 1267 793 916 889 402 685 710 1924 218 153 861 573 1892
(staszek) 619 : 377 1267 793 916 889 402 685 710 1924 218 153 861 573 1892 688 833 914 1816 171 300 757 1183
(staszek) 1218 : 377 1267 793 916 889 402 685 710 1924 218 153 861 573 1892 688 833 914 1816 171 300 757 1183
(staszek) 625 : 377 1267 793 916 889 402 685 710 1924 218 153 861 573 1892 688 833 914 1816 171 300 757 1183
(staszek) 639 : 377 1267 793 916 889 402 685 710 1924 218 153 861 573 1892 688 833 914 1816 171 300 757 1183
(staszek) 635 : 377 1267 793 916 889 402 685 710 1924 218 153 861 573 1892 688 833 914 1816 171 300 757 1183 37 703 1235 1416 1834 471 1090 1619 535 839
(staszek) 638 : 377 1267 793 916 889 402 685 710 1924 218 153 861 573 1892 688 833 914 1816 171 300 757 1183 37 703 1235 1416 1834 471 1090 1619 535 839
(staszek) 622 : 377 1267 793 916 889 402 685 710 1924 218 153 861 573 1892 688 833 914 1816 171 300 757 1183 37 703 1235 1416 1834 471 1090 1619 535 839 293
(staszek) 624 : 377 1267 793 916 889 402 685 710 1924 218 153 861 573 1892 688 833 914 1816 171 300 757 1183 37 703 1235 1416 1834 471 1090 1619 535 839 293 151 1838
(staszek) 626 : 377 1267 793 916 889 402 685 710 1924 218 153 861 573 1892 688 833 914 1816 171 300 757 1183 37 703 1235 1416 1834 471 1090 1619 535 839 293 151 1838
(staszek) 640 : 377 1267 793 916 889 402 685 710 1924 218 153 861 573 1892 688 833 914 1816 171 300 757 1183 37 703 1235 1416 1834 471 1090 1619 535 839 293 151 1838 1784
(staszek) 629 : 377 1267 793 916 889 402 685 710 1924 218 153 861 573 1892 688 833 914 1816 171 300 757 1183 37 703 1235 1416 1834 471 1090 1619 535 839 293 151 1838 1784 1917 1409 1909 1723
(staszek) 618 : 377 1267 793 916 889 402 685 710 1924 218 153 861 573 1892 688 833 914 1816 171 300 757 1183 37 703 1235 1416 1834 471 1090 1619 535 839 293 151 1838 1784 1917 1409 1909 1723
(staszek) 1219 : 377 1267 793 916 889 402 685 710 1924 218 153 861 573 1892 688 833 914 1816 171 300 757 1183 37 703 1235 1416 1834 471 1090 1619 535 839 293 151 1838 1784 1917 1409 1909 1723
