(caffreyrls) 1393 : 67 100 2054 138 144 905 1560 155 159 1145 1445 2124 354 937 1419 2105 1648
(caffreyrls) 1395 : 264 2115 402 623 993 1140 1146 631 822 711 1794 726 823 829 893 964 980 1057 1267 1327 1502 1564 1619 1724 1786 1814 1842 1844 1980 2120 2122 2150
(caffreyrls) 1399 : 129 510 1048 537 1690 634 659 1674 908 1042 1149 1459 1556 1742 1278 1288 1340 1417 1458 2040 1472 1747 1776 1781 1855 1857 2013 2097 814 1455 332 340
(caffreyrls) 1396 : 41 162 232 261 327 454 557 411 624 1406 1647 1206 1295 1312 1600 1380 1985 40 809 1053
(caffreyrls) 1402 : 410 1744 2077 2058 356 360 1148 1299 1303 1722 1454 1030 517
(caffreyrls) 1400 : 410 1744 2077 2058 356 360 1148 1299 1303 1722 1454 1030 517
(caffreyrls) 1397 : 1744 1299 1030 517
(caffreyrls) 1401 :
(caffreyrls) 1394 : 1030 517
(caffreyrls) 1392 : 517
