(garg) 1084 : 2011 1019 1228 1169 482 96 83 632 1624 1393 649 59 840 1625 2059 1827 724 1721 1274 2094 1511 1541 165 980 1648 249 943 174 1400 634 481 356 1347 235 137 2064 34 2151

(garg) 1144 : 2011 1019 1228 1169 482 96 83 632 1624 1393 649 59 840 1625 2059 1827 724 1721 1274 2094 1511 1541 165 980 1648 249 943 174 1400 634 481 356 1347 235 137 2064 34 2151

(garg) 1095 : 2011 1019 1228 1169 482 96 83 632 1624 1393 649 59 840 1625 2059 1827 724 1721 1274 2094 1511 1541 165 980 1648 249 943 174 1400 634 481 356 1347 235 137 2064 34 2151

(garg) 1096 : 2011 1019 1228 1169 482 96 83 632 1624 1393 649 59 840 1625 2059 1827 724 1721 1274 2094 1511 1541 165 980 1648 249 943 174 1400 634 481 356 1347 235 137 2064 34 2151

(garg) 1100 : 2011 1019 1228 1169 482 96 83 632 1624 1393 649 59 840 1625 2059 1827 724 1721 1274 2094 1511 1541 165 980 1648 249 943 174 1400 634 481 356 1347 235 137 2064 34 2151

(garg) 1104 : 2011 1019 1228 1169 482 96 83 632 1624 1393 649 59 840 1625 2059 1827 724 1721 1274 2094 1511 1541 165 980 1648 249 943 174 1400 634 481 356 1347 235 137 2064 34 2151

(garg) 1106 : 2011 1019 1228 1169 482 96 83 632 1624 1393 649 59 840 1625 2059 1827 724 1721 1274 2094 1511 1541 165 980 1648 249 943 174 1400 634 481 356 1347 235 137 2064 34 2151

(garg) 1124 : 2011 1019 1228 1169 482 96 83 632 1624 1393 649 59 840 1625 2059 1827 724 1721 1274 2094 1511 1541 165 980 1648 249 943 174 1400 634 481 356 1347 235 137 2064 34 2151

(garg) 1125 : 2011 1019 1228 1169 482 96 83 632 1624 1393 649 59 840 1625 2059 1827 724 1721 1274 2094 1511 1541 165 980 1648 249 943 174 1400 634 481 356 1347 235 137 2064 34 2151

(garg) 1079 : 482 96 83 632 1624 1393 649 59 840 1625 2059 1827 724 1721 1274 2094 1511 1541 165 980 1648 249 943 174 1400 634 481 356 1347 235 137 2064 34 2151

(garg) 1083 : 482 96 83 632 1624 1393 649 59 840 1625 2059 1827 724 1721 1274 2094 1511 1541 165 980 1648 249 943 174 1400 634 481 356 1347 235 137 2064 34 2151

(garg) 1085 : 482 96 83 632 1624 1393 649 59 840 1625 2059 1827 724 1721 1274 2094 1511 1541 165 980 1648 249 943 174 1400 634 481 356 1347 235 137 2064 34 2151

(garg) 1117 : 482 96 83 632 1624 1393 649 59 840 1625 2059 1827 724 1721 1274 2094 1511 1541 165 980 1648 249 943 174 1400 634 481 356 1347 235 137 2064 34 2151

(garg) 1123 : 482 96 83 632 1624 1393 649 59 840 1625 2059 1827 724 1721 1274 2094 1511 1541 165 980 1648 249 943 174 1400 634 481 356 1347 235 137 2064 34 2151

(garg) 1141 : 482 96 83 632 1624 1393 649 59 840 1625 2059 1827 724 1721 1274 2094 1511 1541 165 980 1648 249 943 174 1400 634 481 356 1347 235 137 2064 34 2151

(garg) 1122 : 1393 649 59 840 1625 2059 1827 724 1721 1274 2094 1511 1541 165 980 1648 249 943 174 1400 634 481 356 1347 235 137 2064 34 2151

(garg) 1129 : 1393 649 59 840 1625 2059 1827 724 1721 1274 2094 1511 1541 165 980 1648 249 943 174 1400 634 481 356 1347 235 137 2064 34 2151

(garg) 1136 : 1393 649 59 840 1625 2059 1827 724 1721 1274 2094 1511 1541 165 980 1648 249 943 174 1400 634 481 356 1347 235 137 2064 34 2151

(garg) 1081 : 1393 649 59 840 1625 2059 1827 724 1721 1274 2094 1511 1541 165 980 1648 249 943 174 1400 634 481 356 1347 235 137 2064 34 2151

(garg) 1073 : 1393 649 59 840 1625 2059 1827 724 1721 1274 2094 1511 1541 165 980 1648 249 943 174 1400 634 481 356 1347 235 137 2064 34 2151

(garg) 1077 : 840 1625 2059 1827 724 1721 1274 2094 1511 1541 165 980 1648 249 943 174 1400 634 481 356 1347 235 137 2064 34 2151

(garg) 1078 : 840 1625 2059 1827 724 1721 1274 2094 1511 1541 165 980 1648 249 943 174 1400 634 481 356 1347 235 137 2064 34 2151

(garg) 1082 : 840 1625 2059 1827 724 1721 1274 2094 1511 1541 165 980 1648 249 943 174 1400 634 481 356 1347 235 137 2064 34 2151

(garg) 1093 : 840 1625 2059 1827 724 1721 1274 2094 1511 1541 165 980 1648 249 943 174 1400 634 481 356 1347 235 137 2064 34 2151

(garg) 1131 : 840 1625 2059 1827 724 1721 1274 2094 1511 1541 165 980 1648 249 943 174 1400 634 481 356 1347 235 137 2064 34 2151

(garg) 1105 : 840 1625 2059 1827 724 1721 1274 2094 1511 1541 165 980 1648 249 943 174 1400 634 481 356 1347 235 137 2064 34 2151

(garg) 1116 : 840 1625 2059 1827 724 1721 1274 2094 1511 1541 165 980 1648 249 943 174 1400 634 481 356 1347 235 137 2064 34 2151

(garg) 1119 : 840 1625 2059 1827 724 1721 1274 2094 1511 1541 165 980 1648 249 943 174 1400 634 481 356 1347 235 137 2064 34 2151

(garg) 1134 : 840 1625 2059 1827 724 1721 1274 2094 1511 1541 165 980 1648 249 943 174 1400 634 481 356 1347 235 137 2064 34 2151

(garg) 1080 : 724 1721 1274 2094 1511 1541 165 980 1648 249 943 174 1400 634 481 356 1347 235 137 2064 34 2151

(garg) 1087 : 724 1721 1274 2094 1511 1541 165 980 1648 249 943 174 1400 634 481 356 1347 235 137 2064 34 2151

(garg) 1109 : 165 980 1648 249 943 174 1400 634 481 356 1347 235 137 2064 34 2151

(garg) 1126 : 165 980 1648 249 943 174 1400 634 481 356 1347 235 137 2064 34 2151

(garg) 1127 : 165 980 1648 249 943 174 1400 634 481 356 1347 235 137 2064 34 2151

(garg) 1140 : 165 980 1648 249 943 174 1400 634 481 356 1347 235 137 2064 34 2151

(garg) 1145 : 165 980 1648 249 943 174 1400 634 481 356 1347 235 137 2064 34 2151

(garg) 1090 : 249 943 174 1400 634 481 356 1347 235 137 2064 34 2151

(garg) 1135 : 249 943 174 1400 634 481 356 1347 235 137 2064 34 2151

(garg) 1138 : 249 943 174 1400 634 481 356 1347 235 137 2064 34 2151

(garg) 1142 : 249 943 174 1400 634 481 356 1347 235 137 2064 34 2151

(garg) 1132 : 249 943 174 1400 634 481 356 1347 235 137 2064 34 2151

(garg) 1072 : 249 943 174 1400 634 481 356 1347 235 137 2064 34 2151

(garg) 1143 : 249 943 174 1400 634 481 356 1347 235 137 2064 34 2151

(garg) 1092 : 174 1400 634 481 356 1347 235 137 2064 34 2151

(garg) 1130 : 174 1400 634 481 356 1347 235 137 2064 34 2151

(garg) 1103 : 174 1400 634 481 356 1347 235 137 2064 34 2151

(garg) 1098 : 174 1400 634 481 356 1347 235 137 2064 34 2151

(garg) 1139 : 174 1400 634 481 356 1347 235 137 2064 34 2151

(garg) 1091 : 174 1400 634 481 356 1347 235 137 2064 34 2151

(garg) 1094 : 174 1400 634 481 356 1347 235 137 2064 34 2151

(garg) 1099 : 174 1400 634 481 356 1347 235 137 2064 34 2151

(garg) 1107 : 174 1400 634 481 356 1347 235 137 2064 34 2151

(garg) 1128 : 174 1400 634 481 356 1347 235 137 2064 34 2151

(garg) 1137 : 174 1400 634 481 356 1347 235 137 2064 34 2151

(garg) 1086 : 174 1400 634 481 356 1347 235 137 2064 34 2151

(garg) 1088 : 481 356 1347 235 137 2064 34 2151

(garg) 1118 : 481 356 1347 235 137 2064 34 2151

(garg) 1075 : 481 356 1347 235 137 2064 34 2151

(garg) 1133 : 137 2064 34 2151

(garg) 1076 : 137 2064 34 2151

(garg) 1115 : 2064 34 2151

(garg) 1120 : 2064 34 2151

(garg) 1102 : 2151

(garg) 1070 : 2151

(garg) 1108 : 2151

(garg) 1112 : 2151

(garg) 1110 : 2151

(garg) 1074 :

(garg) 1089 :

(garg) 1097 :

(garg) 1101 :

(garg) 1111 :
