(MajkelEryk) 584 : 1288 1299 1483 1352 531 565 456 170 118 1329 1765 1781 2135 1534 1535 ; 34 102 138 155 162 190 194 324 401 421 474 473 523 530 539 613 644 657 651 666 700 742 791 857 943 1051 1068 1166 1178 1279 1308 1347 1354 1482 1490 1504 1534 1535 1558

(MajkelEryk) 585 : 1288 1299 1483 1352 531 565 170 456 118 1329 1765 1781 2135 1534 1535 ; 34 102 138 155 162 190 194 226 324 401 421 474 473 523 530 539 572 601 613 617 644 657 651 666 700 742 757 791 856 857 943 1051 1068 1166 1178 1228 1279 1308 1347 1354 1447 1482 1490 1504 1558 1620 1801 1809

(MajkelEryk) 586 : 1288 1299 1483 1352 531 565 170 118 456 1765 1781 2135 1534 1535 ; 34 102 138 155 162 190 194 324 401 421 474 473 523 530 539 613 657 651 666 700 742 791 857 943 1051 1068 1166 1178 1279 1308 1329 1347 1354 1482 1490 1504 1558

(MajkelEryk) 587 : 1288 1299 1483 535 565 170 118 456 1352 1329 1765 1781 2135 1534 1535 ; 34 102 138 150 155 162 190 194 195 226 267 283 324 401 421 474 473 523 530 531 539 549 572 575 601 613 617 644 657 651 666 700 742 757 791 856 857 862 906 943 1051 1068 1166 1178 1228 1279 1308 1347 1354 1447 1482 1490 1504 1558 1620 1801 1809

(MajkelEryk) 588 : 1288 1299 1483 1352 535 565 456 118 170 1329 1765 1781 2135 1534 1535 ; 34 102 138 150 155 162 190 194 195 226 267 283 324 401 421 474 473 523 530 531 539 549 572 575 601 613 617 644 657 651 666 700 742 757 791 856 857 862 906 943 1051 1068 1166 1178 1228 1279 1308 1347 1354 1447 1482 1490 1504 1534 1535 1558 1620 1801 1809

(MajkelEryk) 589 : 1288 1299 1483 565 535 456 118 170 1352 1329 1765 1781 2135 1534 1535 ; 34 102 138 155 162 190 194 324 401 421 474 473 523 530 531 539 572 613 644 657 651 666 700 742 791 857 943 1051 1068 1166 1178 1279 1308 1347 1354 1482 1490 1504 1558 1801 1809
