(Ostry) 1859 : 634 851 1651 249 958 575 2013 1140
(Ostry) 1860 : 634 851 1651 249 958 575 2013 1140
(Ostry) 1861 : 634 851 1651
(Ostry) 1863 : 634 851 1651 249 958 575 2013 1140
(Ostry) 1865 : 851 1651
(Ostry) 1866 : 634 851 1651 249 958 575 2013 1140
(Ostry) 1867 : 634 851 1651 249 958 575 2013 1140
(Ostry) 1868 : 634 851 1651 249 2013 1140
(Ostry) 1869 : 634 851 1651 249 2013
(Ostry) 1870 : 634 851 1651 249 2013 1140 575 958
(Ostry) 1871 : 634 851 1651 249 2013 1140
(Ostry) 1873 : 634 851 1651 249 2013
(Ostry) 1874 : 634 851 1651 249 2013
(Ostry) 1876 : 851 1651
(Ostry) 1877 : 634 851 1651
(Ostry) 1878 : 634 851 1651 2013
(Ostry) 1879 : 634 851 1651 2013 1140 249 575 958
(Ostry) 1880 : 851 1108
(Ostry) 1881 :
(Ostry) 1882 : 851
(Ostry) 1883 :
(Ostry) 1884 : 634 851 1651 249 2013
(Ostry) 1885 : 634 851 1651
