(ryskal) 33 : 1401
(ryskal) 804 : 1401 2051
(ryskal) 34 : 1401 2051 35 301 931 1527 167 1394
(ryskal) 805 : 1401 2051 35 301 931 1527 167 1394 410
(ryskal) 807 : 1401 2051 35 301 931 1527 167 1394 410 984 133 298 297
(ryskal) 808 : 1401 2051 35 301 931 1527 167 1394 410 984 133 298 297 1029 847 1280
(ryskal) 812 :
(ryskal) 809 : 1401 2051 35 301 931 1527 167 1394 410 984 133 298 297 1029 847 1280
(ryskal) 811 :
(ryskal) 810 : 1401 2051 35 301 931 1527 167 1394 410 984 133 298 297 1029 847 1280 1744 36 602 1239 1943 360 1148 526 346
(ryskal) 832 : 1401 2051 35 301 931 1527 167 1394 410 984 133 298 297 1029 847 1280 1744 36 602 1239 1943 360 1148 526
(ryskal) 1121 : 1401 2051 35 301 931 1527 167 1394 410 984 133 298 297 1029 847 1280 1744 36 602 1239 1943 360 1148 526
(ryskal) 813 : 1401 2051 35 301 931 1527 167 1394 410 984 133 298 297 1029 847 1280 1744 36 602 1239 1943 360 1148 526 524 1187 311 1516 41 703 847 2106 1929
(ryskal) 816 : 1401 2051 35 301 931 1527 167 1394 410 984 133 298 297 1029 847 1280 1744 36 602 1239 1943 360 1148 526 524 1187 311 1516 41 703 847 2106 1929
(ryskal) 814 : 1401 2051 35 301 931 1527 167 1394 410 984 133 298 297 1029 847 1280 1744 36 602 1239 1943 360 1148 526 524 1187 311 1516 41 703 847 2106 1929
(ryskal) 815 : 1401 2051 35 301 931 1527 167 1394 410 984 133 298 297 1029 847 1280 1744 36 602 1239 1943 360 1148 526 524 1187 311 1516 41 703 847 2106 1929 218 276 408 382 1535 1312 1004 42 162
(ryskal) 822 : 1401 2051 35 301 931 1527 167 1394 410 984 133 298 297 1029 847 1280 1744 36 602 1239 1943 360 1148 526 524 1187 311 1516 41 703 847 2106 1929 218 276 408 382 1535 1312 1004 42 162
(ryskal) 817 : 1401 2051 35 301 931 1527 167 1394 410 984 133 298 297 1029 847 1280 1744 36 602 1239 1943 360 1148 526 524 1187 311 1516 41 703 847 2106 1929 218 276 408 382 1535 1312 1004 42 162 1397 525 598 1691 2062 41 876 1295 537 1647 1690 1053 105
(ryskal) 821 : 1401 2051 35 301 931 1527 167 1394 410 984 133 298 297 1029 847 1280 1744 36 602 1239 1943 360 1148 526 524 1187 311 1516 41 703 847 2106 1929 218 276 408 382 1535 1312 1004 42 162 1397 525 598 1691 2062 41 876 1295 537 1647 1690 1053 105
(ryskal) 824 : 1401 2051 35 301 931 1527 167 1394 410 984 133 298 297 1029 847 1280 1744 36 602 1239 1943 360 1148 526 524 1187 311 1516 41 703 847 2106 1929 218 276 408 382 1535 1312 1004 42 162 1397 525 598 1691 2062 41 876 1295 537 1647 1690 1053 105 881 1472 1473 591 374 47 192 1790 1803 251 409 1006 1271 248 275 1245 1352 576 2057 1250 1149 1459 1556 1742 2097 1075 456 50 2087 1571 1005 1342
(ryskal) 825 : 1401 2051 35 301 931 1527 167 1394 410 984 133 298 297 1029 847 1280 1744 36 602 1239 1943 360 1148 526 524 1187 311 1516 41 703 847 2106 1929 218 276 408 382 1535 1312 1004 42 162 1397 525 598 1691 2062 41 876 1295 537 1647 1690 1053 105 881 1472 1473 591 374 47 192 1790 1803 251 409 1006 1271 248 275 1245 1352 576 2057 1250 1149 1459 1556 1742 2097 1075 456 50 2087 1571 1005 1342
(ryskal) 826 : 1401 2051 35 301 931 1527 167 1394 410 984 133 298 297 1029 847 1280 1744 36 602 1239 1943 360 1148 526 524 1187 311 1516 41 703 847 2106 1929 218 276 408 382 1535 1312 1004 42 162 1397 525 598 1691 2062 41 876 1295 537 1647 1690 1053 105 881 1472 1473 591 374 47 192 1790 1803 251 409 1006 1271 248 275 1245 1352 576 2057 1250 1149 1459 1556 1742 2097 1075 456 50 2087 1571 1005 1342 1316 1503 560 659 495 795 991 1064 1159 866 1152 1188 1713 136 1267 644 2013 1885 1892 2111 1007
(ryskal) 828 : 1401 2051 35 301 931 1527 167 1394 410 984 133 298 297 1029 847 1280 1744 36 602 1239 1943 360 1148 526 524 1187 311 1516 41 703 847 2106 1929 218 276 408 382 1535 1312 1004 42 162 1397 525 598 1691 2062 41 876 1295 537 1647 1690 1053 105 881 1472 1473 591 374 47 192 1790 1803 251 409 1006 1271 248 275 1245 1352 576 2057 1250 1149 1459 1556 1742 2097 1075 456 50 2087 1571 1005 1342 1316 1503 560 659 495 795 991 1064 1159 866 1152 1188 1713 136 1267 644 2013 1885 1892 2111 1007 390 457 1285 419 565 170 531 1781 908 578 528 129 510 1048 388 509 613 1490 164 1310 131 2071 1717 725 1163 1098 2068 1564 1135 1728 480
(ryskal) 827 :
(ryskal) 829 :
(ryskal) 830 :
(ryskal) 831 :
(ryskal) 2042 :
(ryskal) 823 :
(ryskal) 818 :
