(Stonerock) 118: 1394 167 1380

(Stonerock) 116: 1394 167

(Stonerock) 644: 409 248 275 1245 1271 809 1053

(Stonerock) 115: 409 248 275 1245 1271 809 1053 1352

(Stonerock) 120: 409 248 275 1245 1311 123 537 1647 1690 509 1271 809 1053 155 1352 419 829 1316 520 969 2139 54 656 659 159 677 1145 1445 2124 893 172 1014 1149 1459 1556 1742 1236 1276 2122 556 1776

(Stonerock) 119: 409 248 275 1245 509 1271 809 1053 1352

(Stonerock) 117: 409 248 275 1245

(Stonerock) 114: 67 123 1311 129 510 1048 537 1647 1690 509 1271 809 1053 155 1352 419 829 1316 520 969 2139 54 656 659 159 677 1145 1445 2124 893 836 172 1014 1149 1459 1556 1742 1236 1276 2122 1353 556 1776 1052 1069 1168 1735

(Stonerock) 112: 615 229 67 836 537 1647 1690 509 1271 809 1053 155 1352 419 829 1316 354 937 520 969 2139 54 656 659 159 677 1145 1445 2124 893 172 1014 1149 1459 1556 1742 1236 1276 2122 1353 556 1776 1052 1069 1168 1735 553 674

(Stonerock) 645: 1052 1069 1168 1735 615 229 67 836 419 829 1316 827 354 937 520 969 2139 54 656 659 159 677 1145 1445 2124 893 172 1014 1353 556 1776 553 674
