(garg) %AISpace : 704 712 947
(garg) %Resist : 1529 1545
(garg) %Blizej : 1252 1672
(garg) %Crystal : 1318 1512
(garg) %ReviveDod : 1571 2065

(garg) 1390 : 66 246 %AISpace 1563 275 326 2080 174 1652 2076 %Resist 1668 266 %Blizej 232 %Crystal 615 192 1683 %ReviveDod 1548 348 1854 711 1482 643 1142 749 578 748 1618

(garg) 1387 : 66 246 %AISpace 1563 275 326 2080 174 1652 2076 %Resist 1668 266 %Blizej 232 %Crystal 615 192 1683 %ReviveDod 1548 348 1854 711 1482 643 1142 749 578 748 1618

(garg) 1400 : 66 246 %AISpace 1563 275 326 2080 174 1652 2076 %Resist 1668 266 %Blizej 232 %Crystal 615 192 1683 %ReviveDod 1548 348 1854 711 1482 643 1142 749 578 748 1618

(garg) 1402 : 66 246 %AISpace 1563 275 326 2080 174 1652 2076 %Resist 1668 266 %Blizej 232 %Crystal 615 192 1683 %ReviveDod 1548 348 1854 711 1482 643 1142 749 578 748 1618

(garg) 1426 : 66 246 %AISpace 1563 275 326 2080 174 1652 2076 %Resist 1668 266 %Blizej 232 %Crystal 615 192 1683 %ReviveDod 1548 348 1854 711 1482 643 1142 749 578 748 1618

(garg) 1385 : 66 246 %AISpace 1563 275 326 2080 174 1652 2076 %Resist 1668 266 %Blizej 232 %Crystal 615 192 1683 %ReviveDod 1548 348 1854 711 1482 643 1142 749 578 748 1618

(garg) 1383 : 66 246 %AISpace 1563 275 326 2080 174 1652 2076 %Resist 1668 266 %Blizej 232 %Crystal 615 192 1683 %ReviveDod 1548 348 1854 711 1482 643 1142 749 578 748 1618

(garg) 1399 : 66 246 %AISpace 1563 275 326 2080 174 1652 2076 %Resist 1668 266 %Blizej 232 %Crystal 615 192 1683 %ReviveDod 1548 348 1854 711 1482 643 1142 749 578 748 1618

(garg) 1407 : 275 326 2080 174 1652 2076 %Resist 1668 266 %Blizej 232 %Crystal 615 192 1683 %ReviveDod 1548 348 1854 711 1482 643 1142 749 578 748 1618

(garg) 1428 : 275 326 2080 174 1652 2076 %Resist 1668 266 %Blizej 232 %Crystal 615 192 1683 %ReviveDod 1548 348 1854 711 1482 643 1142 749 578 748 1618

(garg) 1382 : 275 326 2080 174 1652 2076 %Resist 1668 266 %Blizej 232 %Crystal 615 192 1683 %ReviveDod 1548 348 1854 711 1482 643 1142 749 578 748 1618

(garg) 1388 : 275 326 2080 174 1652 2076 %Resist 1668 266 %Blizej 232 %Crystal 615 192 1683 %ReviveDod 1548 348 1854 711 1482 643 1142 749 578 748 1618

(garg) 1401 : 275 326 2080 174 1652 2076 %Resist 1668 266 %Blizej 232 %Crystal 615 192 1683 %ReviveDod 1548 348 1854 711 1482 643 1142 749 578 748 1618

(garg) 1405 : 275 326 2080 174 1652 2076 %Resist 1668 266 %Blizej 232 %Crystal 615 192 1683 %ReviveDod 1548 348 1854 711 1482 643 1142 749 578 748 1618

(garg) 1406 : 275 326 2080 174 1652 2076 %Resist 1668 266 %Blizej 232 %Crystal 615 192 1683 %ReviveDod 1548 348 1854 711 1482 643 1142 749 578 748 1618

(garg) 1417 : 275 326 2080 174 1652 2076 %Resist 1668 266 %Blizej 232 %Crystal 615 192 1683 %ReviveDod 1548 348 1854 711 1482 643 1142 749 578 748 1618

(garg) 1422 : 275 326 2080 174 1652 2076 %Resist 1668 266 %Blizej 232 %Crystal 615 192 1683 %ReviveDod 1548 348 1854 711 1482 643 1142 749 578 748 1618

(garg) 1440 : 275 326 2080 174 1652 2076 %Resist 1668 266 %Blizej 232 %Crystal 615 192 1683 %ReviveDod 1548 348 1854 711 1482 643 1142 749 578 748 1618

(garg) 1377 : 275 326 2080 174 1652 2076 %Resist 1668 266 %Blizej 232 %Crystal 615 192 1683 %ReviveDod 1548 348 1854 711 1482 643 1142 749 578 748 1618

(garg) 1384 : 275 326 2080 174 1652 2076 %Resist 1668 266 %Blizej 232 %Crystal 615 192 1683 %ReviveDod 1548 348 1854 711 1482 643 1142 749 578 748 1618

(garg) 1403 : 275 326 2080 174 1652 2076 %Resist 1668 266 %Blizej 232 %Crystal 615 192 1683 %ReviveDod 1548 348 1854 711 1482 643 1142 749 578 748 1618

(garg) 1411 : 275 326 2080 174 1652 2076 %Resist 1668 266 %Blizej 232 %Crystal 615 192 1683 %ReviveDod 1548 348 1854 711 1482 643 1142 749 578 748 1618

(garg) 1418 : 1668 266 %Blizej 232 %Crystal 615 192 1683 %ReviveDod 1548 348 1854 711 1482 643 1142 749 578 748 1618

(garg) 1427 : 1668 266 %Blizej 232 %Crystal 615 192 1683 %ReviveDod 1548 348 1854 711 1482 643 1142 749 578 748 1618

(garg) 1436 : 1668 266 %Blizej 232 %Crystal 615 192 1683 %ReviveDod 1548 348 1854 711 1482 643 1142 749 578 748 1618

(garg) 1381 : 1668 266 %Blizej 232 %Crystal 615 192 1683 %ReviveDod 1548 348 1854 711 1482 643 1142 749 578 748 1618

(garg) 1435 : 1668 266 %Blizej 232 %Crystal 615 192 1683 %ReviveDod 1548 348 1854 711 1482 643 1142 749 578 748 1618

(garg) 1386 : 1668 266 %Blizej 232 %Crystal 615 192 1683 %ReviveDod 1548 348 1854 711 1482 643 1142 749 578 748 1618

(garg) 1410 : 1668 266 %Blizej 232 %Crystal 615 192 1683 %ReviveDod 1548 348 1854 711 1482 643 1142 749 578 748 1618

(garg) 1412 : 1668 266 %Blizej 232 %Crystal 615 192 1683 %ReviveDod 1548 348 1854 711 1482 643 1142 749 578 748 1618

(garg) 1419 : 1668 266 %Blizej 232 %Crystal 615 192 1683 %ReviveDod 1548 348 1854 711 1482 643 1142 749 578 748 1618

(garg) 1439 : 1668 266 %Blizej 232 %Crystal 615 192 1683 %ReviveDod 1548 348 1854 711 1482 643 1142 749 578 748 1618

(garg) 1434 : 1668 266 %Blizej 232 %Crystal 615 192 1683 %ReviveDod 1548 348 1854 711 1482 643 1142 749 578 748 1618

(garg) 1425 : 1668 266 %Blizej 232 %Crystal 615 192 1683 %ReviveDod 1548 348 1854 711 1482 643 1142 749 578 748 1618

(garg) 1429 : 1548 348 1854 711 1482 643 1142 749 578 748 1618

(garg) 1438 : 1548 348 1854 711 1482 643 1142 749 578 748 1618

(garg) 1421 : 1548 348 1854 711 1482 643 1142 749 578 748 1618

(garg) 1433 : 1548 348 1854 711 1482 643 1142 749 578 748 1618

(garg) 1413 : 1548 348 1854 711 1482 643 1142 749 578 748 1618

(garg) 1389 : 1548 348 1854 711 1482 643 1142 749 578 748 1618

(garg) 1398 : 1548 348 1854 711 1482 643 1142 749 578 748 1618

(garg) 1423 : 1548 348 1854 711 1482 643 1142 749 578 748 1618

(garg) 1395 : 578 748 1618

(garg) 1408 : 578 748 1618

(garg) 1394 : 578 748 1618

(garg) 1396 : 578 748 1618

(garg) 1415 : 578 748 1618

(garg) 1431 : 578 748 1618

(garg) 1437 : 578 748 1618

(garg) 1430 : 578 748 1618

(garg) 1420 : 578 748 1618

(garg) 1393 : 578 748 1618

(garg) 1392 : 578 748 1618

(garg) 1416 : 578 748 1618

(garg) 1409 :

(garg) 1397 :

(garg) 1380 :

(garg) 1432 :

(garg) 1378 :

(garg) 1379 :

(garg) 1424 :
