(ryskal) 742 : 2 1981 605 149 1270 271 383 1882 194
(ryskal) 744 : 2 1981 605 149 1270 271 383 1882 194 692 1631
(ryskal) 743 : 2 1981 605 149 1270 271 383 1882 194 692 1631 1271 853
(ryskal) 746 : 2 1981 605 149 1270 271 383 1882 194 692 1631 1271 853
(ryskal) 749 : 2 1981 605 149 1270 271 383 1882 194 692 1631 1271 853
(ryskal) 1832 : 2 1981 605 149 1270 271 383 1882 194 692 1631 1271 853 160 1272
(ryskal) 748 : 2 1981 605 149 1270 271 383 1882 194 692 1631 1271 853 160 1272 1134 568 1441 637 640
(ryskal) 747 : 2 1981 605 149 1270 271 383 1882 194 692 1631 1271 853 160 1272 1134 568 1441 637 640
(ryskal) 752 : 2 1981 605 149 1270 271 383 1882 194 692 1631 1271 853 160 1272 1134 568 1441 645 161 1519 415 819 637 640 1191
(ryskal) 750 : 2 1981 605 149 1270 271 383 1882 194 692 1631 1271 853 160 1272 1134 568 1441 645 161 1519 415 819 661 1940 1619 2053 1260 1763 1397 496 1565 637 640 1191
(ryskal) 753 : 2 1981 605 149 1270 271 383 1882 194 692 1631 1271 853 160 1272 1134 568 1441 645 161 1519 415 819 661 1940 1619 2053 1260 1763 1397 496 1565 1597 1292 662 185 1265 1660 2074 1836 1273 362 175 637 640 1191
(ryskal) 756 : 2 1981 605 149 1270 271 383 1882 194 692 1631 1271 853 160 1272 1134 568 1441 645 161 1519 415 819 661 1940 1619 2053 1260 1763 1397 496 1565 1597 1292 662 185 1265 1660 2074 1836 1273 362 175 1376 6 1259 481 1503 890 637 640 1191
(ryskal) 757 : 2 1981 605 149 1270 271 383 1882 194 692 1631 1271 853 160 1272 1134 568 1441 645 161 1519 415 819 661 1940 1619 2053 1260 1763 1397 496 1565 1597 1292 662 185 1265 1660 2074 1836 1273 362 175 1376 6 1259 481 1503 890 1811 722 730 637 640 1191
(ryskal) 754 : 2 1981 605 149 1270 271 383 1882 194 692 1631 1271 853 160 1272 1134 568 1441 645 161 1519 415 819 661 1940 1619 2053 1260 1763 1397 496 1565 1597 1292 662 185 1265 1660 2074 1836 1273 362 175 1376 6 1259 481 1503 890 1811 722 730 1833 2062 1257 1907 434 1148 637 640 1191
(ryskal) 758 : 2 1981 605 149 1270 271 383 1882 194 692 1631 1271 853 160 1272 1134 568 1441 645 161 1519 415 819 661 1940 1619 2053 1260 1763 1397 496 1565 1597 1292 662 185 1265 1660 2074 1836 1273 362 175 1376 6 1259 481 1503 890 1811 722 730 1833 2062 1257 1907 434 1148 127 504 637 640 1191
(ryskal) 759 : 2 1981 605 149 1270 271 383 1882 194 692 1631 1271 853 160 1272 1134 568 1441 645 161 1519 415 819 661 1940 1619 2053 1260 1763 1397 496 1565 1597 1292 662 185 1265 1660 2074 1836 1273 362 175 1376 6 1259 481 1503 890 1811 722 730 1833 2062 1257 1907 434 1148 127 504 1671 1245 1813 1073 1288 503 1866 914 1287 1808 2012 2129 907 637 640 1191
(ryskal) 745 : 2 1981 605 149 1270 271 383 1882 194 692 1631 1271 853 160 1272 1134 568 1441 645 161 1519 415 819 661 1940 1619 2053 1260 1763 1397 496 1565 1597 1292 662 185 1265 1660 2074 1836 1273 362 175 1376 6 1259 481 1503 890 1811 722 730 1833 2062 1257 1907 434 1148 127 504 1671 1245 1813 1073 1288 503 1866 914 1287 1808 2012 2129 907 1760 1302 911 1414 262 1261 667 1980 955 324 666 1266 637 640 1191
(ryskal) 761 : 2 1981 605 149 1270 271 383 1882 194 692 1631 1271 853 160 1272 1134 568 1441 645 161 1519 415 819 661 1940 1619 2053 1260 1763 1397 496 1565 1597 1292 662 185 1265 1660 2074 1836 1273 362 175 1376 6 1259 481 1503 890 1811 722 730 1833 2062 1257 1907 434 1148 127 504 1671 1245 1813 1073 1288 503 1866 914 1287 1808 2012 2129 907 1760 1302 911 1414 262 1261 667 1980 955 324 666 1266 1264 101 267 635 1494 1828 1293 1550 1553 1183 214 637 640 1191
(ryskal) 762 : 2 1981 605 149 1270 271 383 1882 194 692 1631 1271 853 160 1272 1134 568 1441 645 161 1519 415 819 661 1940 1619 2053 1260 1763 1397 496 1565 1597 1292 662 185 1265 1660 2074 1836 1273 362 175 1376 6 1259 481 1503 890 1811 722 730 1833 2062 1257 1907 434 1148 127 504 1671 1245 1813 1073 1288 503 1866 914 1287 1808 2012 2129 907 1760 1302 911 1414 262 1261 667 1980 955 324 666 1266 1264 101 267 635 1494 1828 1293 1550 1553 1183 214 644 1071 1198 2004 1189 213 349 1144 2083 272 637 640 1191
(ryskal) 773 : 2 1981 605 149 1270 271 383 1882 194 692 1631 1271 853 160 1272 1134 568 1441 645 161 1519 415 819 661 1940 1619 2053 1260 1763 1397 496 1565 1597 1292 662 185 1265 1660 2074 1836 1273 362 175 1376 6 1259 481 1503 890 1811 722 730 1833 2062 1257 1907 434 1148 127 504 1671 1245 1813 1073 1288 503 1866 914 1287 1808 2012 2129 907 1760 1302 911 1414 262 1261 667 1980 955 324 666 1266 1264 101 267 635 1494 1828 1293 1550 1553 1183 214 644 1071 1198 2004 1189 213 349 1144 2083 272 1559 637 640 1191
(ryskal) 760 : 2 1981 605 149 1270 271 383 1882 194 692 1631 1271 853 160 1272 1134 568 1441 645 161 1519 415 819 661 1940 1619 2053 1260 1763 1397 496 1565 1597 1292 662 185 1265 1660 2074 1836 1273 362 175 1376 6 1259 481 1503 890 1811 722 730 1833 2062 1257 1907 434 1148 127 504 1671 1245 1813 1073 1288 503 1866 914 1287 1808 2012 2129 907 1760 1302 911 1414 262 1261 667 1980 955 324 666 1266 1264 101 267 635 1494 1828 1293 1550 1553 1183 214 644 1071 1198 2004 1189 213 349 1144 2083 272 1559 968 7 509 33 909 912 1064 196 1713 847 1071 269 638 1856 10 1087 2110 1975 1698 5 1450 637 640 1191
(ryskal) 764 : 2 1981 605 149 1270 271 383 1882 194 692 1631 1271 853 160 1272 1134 568 1441 645 161 1519 415 819 661 1940 1619 2053 1260 1763 1397 496 1565 1597 1292 662 185 1265 1660 2074 1836 1273 362 175 1376 6 1259 481 1503 890 1811 722 730 1833 2062 1257 1907 434 1148 127 504 1671 1245 1813 1073 1288 503 1866 914 1287 1808 2012 2129 907 1760 1302 911 1414 262 1261 667 1980 955 324 666 1266 1264 101 267 635 1494 1828 1293 1550 1553 1183 214 644 1071 1198 2004 1189 213 349 1144 2083 272 1559 968 7 509 33 909 912 1064 196 1713 847 1071 269 638 1856 10 1087 2110 1975 1698 5 1450 90 1194 11 258 815 637 640 1191
(ryskal) 763 : 2 1981 605 149 1270 271 383 1882 194 692 1631 1271 853 160 1272 1134 568 1441 645 161 1519 415 819 661 1940 1619 2053 1260 1763 1397 496 1565 1597 1292 662 185 1265 1660 2074 1836 1273 362 175 1376 6 1259 481 1503 890 1811 722 730 1833 2062 1257 1907 434 1148 127 504 1671 1245 1813 1073 1288 503 1866 914 1287 1808 2012 2129 907 1760 1302 911 1414 262 1261 667 1980 955 324 666 1266 1264 101 267 635 1494 1828 1293 1550 1553 1183 214 644 1071 1198 2004 1189 213 349 1144 2083 272 1559 968 7 509 33 909 912 1064 196 1713 847 1071 269 638 1856 10 1087 2110 1975 1698 5 1450 90 1194 11 258 815 55 199 1155 1263 157 1269 2002 2013 478 637 640 1191
(ryskal) 767 : 2 1981 605 149 1270 271 383 1882 194 692 1631 1271 853 160 1272 1134 568 1441 645 161 1519 415 819 661 1940 1619 2053 1260 1763 1397 496 1565 1597 1292 662 185 1265 1660 2074 1836 1273 362 175 1376 6 1259 481 1503 890 1811 722 730 1833 2062 1257 1907 434 1148 127 504 1671 1245 1813 1073 1288 503 1866 914 1287 1808 2012 2129 907 1760 1302 911 1414 262 1261 667 1980 955 324 666 1266 1264 101 267 635 1494 1828 1293 1550 1553 1183 214 644 1071 1198 2004 1189 213 349 1144 2083 272 1559 968 7 509 33 909 912 1064 196 1713 847 1071 269 638 1856 10 1087 2110 1975 1698 5 1450 90 1194 11 258 815 55 199 1155 1263 157 1269 2002 2013 478 253 16 188 442 489 1533 2055 637 640 1191
(ryskal) 765 : 2 1981 605 149 1270 271 383 1882 194 692 1631 1271 853 160 1272 1134 568 1441 645 161 1519 415 819 661 1940 1619 2053 1260 1763 1397 496 1565 1597 1292 662 185 1265 1660 2074 1836 1273 362 175 1376 6 1259 481 1503 890 1811 722 730 1833 2062 1257 1907 434 1148 127 504 1671 1245 1813 1073 1288 503 1866 914 1287 1808 2012 2129 907 1760 1302 911 1414 262 1261 667 1980 955 324 666 1266 1264 101 267 635 1494 1828 1293 1550 1553 1183 214 644 1071 1198 2004 1189 213 349 1144 2083 272 1559 968 7 509 33 909 912 1064 196 1713 847 1071 269 638 1856 10 1087 2110 1975 1698 5 1450 90 1194 11 258 815 55 199 1155 1263 157 1269 2002 2013 478 253 16 188 442 489 1533 2055 116 1314 122 610 1666 621 892 965 1461 1473 1057 260 1164 1952 1312 1311 886 2059 1363 1810 1340 1676 1959 2076 1170 1011 1227 1185 1325 716 242 840 637 640 1191
(ryskal) 766 : 2 1981 605 149 1270 271 383 1882 194 692 1631 1271 853 160 1272 1134 568 1441 645 161 1519 415 819 661 1940 1619 2053 1260 1763 1397 496 1565 1597 1292 662 185 1265 1660 2074 1836 1273 362 175 1376 6 1259 481 1503 890 1811 722 730 1833 2062 1257 1907 434 1148 127 504 1671 1245 1813 1073 1288 503 1866 914 1287 1808 2012 2129 907 1760 1302 911 1414 262 1261 667 1980 955 324 666 1266 1264 101 267 635 1494 1828 1293 1550 1553 1183 214 644 1071 1198 2004 1189 213 349 1144 2083 272 1559 968 7 509 33 909 912 1064 196 1713 847 1071 269 638 1856 10 1087 2110 1975 1698 5 1450 90 1194 11 258 815 55 199 1155 1263 157 1269 2002 2013 478 253 16 188 442 489 1533 2055 116 1314 122 610 1666 621 892 965 1461 1473 1057 260 1164 1952 1312 1311 886 2059 1363 1810 1340 1676 1959 2076 1170 1011 1227 1185 1325 716 242 840 531 851 637 640 1191
(ryskal) 768 : 2 1981 605 149 1270 271 383 1882 194 692 1631 1271 853 160 1272 1134 568 1441 645 161 1519 415 819 661 1940 1619 2053 1260 1763 1397 496 1565 1597 1292 662 185 1265 1660 2074 1836 1273 362 175 1376 6 1259 481 1503 890 1811 722 730 1833 2062 1257 1907 434 1148 127 504 1671 1245 1813 1073 1288 503 1866 914 1287 1808 2012 2129 907 1760 1302 911 1414 262 1261 667 1980 955 324 666 1266 1264 101 267 635 1494 1828 1293 1550 1553 1183 214 644 1071 1198 2004 1189 213 349 1144 2083 272 1559 968 7 509 33 909 912 1064 196 1713 847 1071 269 638 1856 10 1087 2110 1975 1698 5 1450 90 1194 11 258 815 55 199 1155 1263 157 1269 2002 2013 478 253 16 188 442 489 1533 2055 116 1314 122 610 1666 621 892 965 1461 1473 1057 260 1164 1952 1312 1311 886 2059 1363 1810 1340 1676 1959 2076 1170 1011 1227 1185 1325 1190 716 242 840 531 851 1830 406 619 966 1790 453 1949 896 106 1686 2024 655 1460 1343 637 640 1191
(ryskal) 769 : 2 1981 605 149 1270 271 383 1882 194 692 1631 1271 853 160 1272 1134 568 1441 645 161 1519 415 819 661 1940 1619 2053 1260 1763 1397 496 1565 1597 1292 662 185 1265 1660 2074 1836 1273 362 175 1376 6 1259 481 1503 890 1811 722 730 1833 2062 1257 1907 434 1148 127 504 1671 1245 1813 1073 1288 503 1866 914 1287 1808 2012 2129 907 1760 1302 911 1414 262 1261 667 1980 955 324 666 1266 1264 101 267 635 1494 1828 1293 1550 1553 1183 214 644 1071 1198 2004 1189 213 349 1144 2083 272 1559 968 7 509 33 909 912 1064 196 1713 847 1071 269 638 1856 10 1087 2110 1975 1698 5 1450 90 1194 11 258 815 55 199 1155 1263 157 1269 2002 2013 478 253 16 188 442 489 1533 2055 116 1314 122 610 1666 621 892 965 1461 1473 1057 260 1164 1952 1312 1311 886 2059 1363 1810 1340 1676 1959 2076 1170 1011 1227 1185 1325 1190 716 242 840 531 851 1830 406 619 966 1790 453 1949 896 106 1686 2024 655 1460 1343 307 20 848 1294 1797 2090 125 1289 1930 607 354 1082 545 1538 1893 1604 1967 657 32 123 235 780 21 1147 1341 1355 1758 333 1523 137 1639 1709 359 526 601 793 38 440 1485 2063 858 429 135 637 640 1191
(ryskal) 770 : 2 1981 605 149 1270 271 383 1882 194 692 1631 1271 853 160 1272 1134 568 1441 645 161 1519 415 819 661 1940 1619 2053 1260 1763 1397 496 1565 1597 1292 662 185 1265 1660 2074 1836 1273 362 175 1376 6 1259 481 1503 890 1811 722 730 1833 2062 1257 1907 434 1148 127 504 1671 1245 1813 1073 1288 503 1866 914 1287 1808 2012 2129 907 1760 1302 911 1414 262 1261 667 1980 955 324 666 1266 1264 101 267 635 1494 1828 1293 1550 1553 1183 214 644 1071 1198 2004 1189 213 349 1144 2083 272 1559 968 7 509 33 909 912 1064 196 1713 847 1071 269 638 1856 10 1087 2110 1975 1698 5 1450 90 1194 11 258 815 55 199 1155 1263 157 1269 2002 2013 478 253 16 188 442 489 1533 2055 116 1314 122 610 1666 621 892 965 1461 1473 1057 260 1164 1952 1312 1311 886 2059 1363 1810 1340 1676 1959 2076 1170 1011 1227 1185 1325 1190 716 242 840 531 851 1830 406 619 966 1790 453 1949 896 106 1686 2024 655 1460 1343 307 20 848 1294 1797 2090 125 1289 1930 607 354 1082 545 1538 1893 1604 1967 657 32 123 235 780 21 1147 1341 1355 1758 333 1523 137 1639 1709 359 526 601 793 38 440 1485 2063 858 429 135 1345 737 1475 1885 273 668 124 1344 463 956 500 1092 814 926 980 1058 1625 1853 2041 1247 772 1301 1965 919 1768 546 1246 591 637 640 1191
(ryskal) 771 :
(ryskal) 751 :
