(Stonerock) 619: 1270 226 742 1134 1272 1813 1073 1288

(Stonerock) 621: 1270 226 742 1134 1272 1813

(Stonerock) 615: 1270 226 742 1134 1272 1813 262 1261 1073 1288 11 667 1980 258 815 1314 1671 1760

(Stonerock) 614: 1270 226 742 1134 1272 1813 262 1261 1073 1288 11 667 1980 306 532 196 1713 258 815 1314 1671 1760 1311

(Stonerock) 617: 226 742 1134 1272 1813 262 1261 1073 1288 11 667 1980 306 532 196 1713 258 815 1314 1671 1760 1311

(Stonerock) 620: 226 742 1134 1272 1813 262 1261 1073 1288 11 667 1980 306 532 196 1713 258 815 1314 1671 1760 1311 325 478 1984 2084 1414 355 19 201 463 657 940 1762 593

(Stonerock) 618: 226 742 1134 1272 1813 262 1261 1073 1288 11 667 1980 306 532 196 1713 258 815 1314 1671 1760 1311 325 478 1984 2084 1414 355 19 201 463 657 940 1762 593 21 1147 1341 1355 1758 953 39 180 163 671 964 1439 1974 910 1455 1544 2151 943 209 888 1582 937

(Stonerock) 616: 226 742 1134 1272 1813 262 1261 1073 1288 11 667 1980 306 532 196 1713 258 815 1314 1671 1760 1311 325 478 1984 2084 1414 355 19 201 463 657 940 1762 593 21 1147 1341 1355 1758 953 39 180 163 671 964 1439 1974 910 1455 1544 2151 943 209 888 1582 937

(Stonerock) 622: 226 742 1134 1272 1813 262 1261 1073 1288 11 667 1980 306 532 196 1713 258 815 1314 1671 1760 1311 325 478 1984 2084 1414 355 19 201 463 657 940 1762 593 21 1147 1341 1355 1758 953 39 180 163 671 964 1439 1974 910 1455 1544 2151 943 209 888 1582 937 735 378
