(kerovan14) 995: 591 1696 1331 1791 141 114 121 227 573 1244 1799 582 959 649 818 1764 902 1245 1945 1939 1333 1753 1238
(kerovan14) 996: 114 121 1329 1331 1333 1945 1939 215 894 171 193 335 582 959 649 748 757 902 1245 883 899 897 1301 1307 1733 1985 2349 1309 1214 1457 1753 2468 2296
(kerovan14) 997: 6 2264 27 378 745 1312 1890 576 1258 596 757 1081 785 1018 1585 1995 2020 1951 1856 2141 2402 2268
(kerovan14) 998: 6 2264 27 378 745 1312 1890 576 1258 596 757 1081 785 1018 1585 1995 2020 1951 1856 2141 2402 2268
(kerovan14) 1001: 114 121 1329 1331 1333 1945 1939 215 894 171 193 335 582 959 649 748 757 902 1245 883 899 897 1301 1307 1733 1985 2349 1309 1214 1457 1753 2468 2296 2402 2268
(kerovan14) 1002: 6 2264 27 378 745 1312 1890 576 1258 596 757 1081 785 1018 1585 1995 2020 1951 1856 2141
(kerovan14) 1004: 591 1696 1331 1791 141 114 121 227 573 1244 1799 582 959 649 818 1764 902 1245 1945 1939 1333 1753 1238 1329
(kerovan14) 1005: 114 121 6 2264 27 378 745 1312 1890 576 1258 596 757 1081 785 1018 1585 1995 2020 1951 1856 2141
(kerovan14) 1006: 6 2264 27 378 745 1312 1890 576 1258 596 757 1081 785 1018 1585 1995 2020 1951 1856 2141 685 905 2402 2268
(kerovan14) 1007: 6 2264 27 378 745 1312 1890 576 1258 596 757 1081 785 1018 1585 1995 2020 1951 1856 2141 685 905 10 11 494 469 499 1909
(kerovan14) 1008: 6 2264 27 378 745 1312 1890 576 1258 596 757 1081 785 1018 1585 1995 2020 1951 1856 2141 10 11 494 469 2402 2268
(kerovan14) 1009: 1788 1802 1986 1332 1942 273 416 2141 2314 1356 1422 2102 2402 2268
(kerovan14) 1010: 591 1696 1331 1791 141 114 121 227 573 1244 1799 582 959 649 818 1764 902 1245 1945 1939 1333 1753 1238
(kerovan14) 1012: 6 2264 27 378 745 1312 1890 576 1258 596 757 1081 785 1018 1585 1995 2020 1951 1856 2141 1307 1309 1214
(kerovan14) 1014: 114 121 1329 1331 1333 1945 1939 215 894 171 193 335 582 959 649 748 757 902 1245 883 899 897 1301 1307 1733 1985 2349 1309 1214 1457 1753 2468 2296
(kerovan14) 1017: 6 2264 27 378 745 1312 1890 576 1258 596 757 1081 785 1018 1585 1995 2020 1951 1856 2141 2314 1909 905 499 1018 1307 2402 2268
(kerovan14) 1019: 6 2264 27 378 745 1312 1890 576 1258 596 757 1081 785 1018 1585 1995 2020 1951 1856 2141 1307 1309 1214
(kerovan14) 1020: 114 121 1329 1331 1333 1945 1939 215 894 171 193 335 582 959 649 748 757 902 1245 883 899 897 1301 1307 1733 1985 2349 1309 1214 1457 1753 2468 2296
(kerovan14) 1021: 114 121 1329 1331 1333 1945 1939 215 894 171 193 335 582 959 649 748 757 902 1245 883 899 897 1301 1307 1733 1985 2349 1309 1214 1457 1753 2468 2296 2141
(kerovan14) 1022: 591 1696 1331 1791 141 114 121 227 573 1244 1799 582 959 649 818 1764 902 1245 1945 1939 1333 1753 1238
(kerovan14) 1023: 114 121 1329 1331 1333 1945 1939 215 894 171 193 335 582 959 649 748 757 902 1245 883 899 897 1301 1307 1733 1985 2349 1309 1214 1457 1753 2468 2296 2141
(kerovan14) 1024: 591 1696 1331 1791 141 114 121 227 573 1244 1799 582 959 649 818 1764 902 1245 1945 1939 1333 1753 1238 2402 2268 27 685 273
(kerovan14) 1025: 6 2264 27 378 745 1312 1890 576 1258 596 757 1081 785 1018 1585 1995 2020 1951 1856 2141 1307 1356 1751 2154 1766 2402 2268
(kerovan14) 1026: 114 121 1329 1331 1333 1945 1939 215 894 171 193 335 582 959 649 748 757 902 1245 883 899 897 1301 1307 1733 1985 2349 1309 1214 1457 1753 2468 2296 2141
(kerovan14) 1027: 6 2264 27 378 745 1312 1890 576 1258 596 757 1081 785 1018 1585 1995 2020 1951 1856 2141
(kerovan14) 1028: 6 2264 27 378 745 1312 1890 576 1258 596 757 1081 785 1018 1585 1995 2020 1951 1856 2141 1307 1751 2154
(kerovan14) 1029: 6 2264 27 378 745 1312 1890 576 1258 596 757 1081 785 1018 1585 1995 2020 1951 1856 2141 1307
(kerovan14) 1030: 6 2264 27 378 745 1312 1890 576 1258 596 757 1081 785 1018 1585 1995 2020 1951 1856 2141 1307
(kerovan14) 1031: 114 121 1329 1331 1333 1945 1939 215 894 171 193 335 582 959 649 748 757 902 1245 883 899 897 1301 1307 1733 1985 2349 1309 1214 1457 1753 2468 2296 2141 6 2264
(kerovan14) 1032: 6 2264 27 378 745 1312 1890 576 1258 596 757 1081 785 1018 1585 1995 2020 1951 1856 2141 1422 2102 685
(kerovan14) 1033: 6 2264 27 378 745 1312 1890 576 1258 596 757 1081 785 1018 1585 1995 2020 1951 1856 2141 1307 685
(kerovan14) 1034: 591 1696 1331 1791 141 114 121 227 573 1244 1799 582 959 649 818 1764 902 1245 1945 1939 1333 1753 1238 6 2264
(kerovan14) 1035: 114 121 1329 1331 1333 1945 1939 215 894 171 193 335 582 959 649 748 902 1245 883 899 897 1301 1307 1733 1985 2349 1309 1214 1457 1753 2468 2296
(kerovan14) 1036: 6 2264 114 121 171 193 215 894 335 497 582 959 897 1329 1301 1307 1457 1733 1985 2349 2020 1951 1856 2468 2296
(kerovan14) 1037: 6 2264 114 121 171 193 215 894 335 497 582 959 897 1329 1301 1307 1457 1733 1985 2349 2020 1951 1856 2468 2296
(kerovan14) 1038: 6 2264 114 121 171 193 215 894 335 497 582 959 897 1329 1301 1307 1457 1733 1985 2349 2020 1951 1856 2468 2296
(kerovan14) 1039: 591 1696 1331 1791 141 114 121 227 573 1244 1799 582 959 649 818 1764 902 1245 1945 1939 1333 1753 1238 6 2264
(kerovan14) 1040: 591 1696 1331 1791 141 114 121 227 573 1244 1799 582 959 649 818 1764 902 1245 1945 1939 1333 1753 1238 1329
(kerovan14) 1041: 114 121 1329 1331 1333 1945 1939 215 894 171 193 335 582 959 649 748 757 902 1245 883 899 897 1301 1307 1733 1985 2349 1309 1214 1457 1753 2468 2296 2141 6 2264
(kerovan14) 1042: 591 1696 1331 1791 141 114 121 227 573 1244 1799 582 959 649 818 1764 902 1245 1945 1939 1333 1753 1238
(kerovan14) 1043: 591 1696 1331 1791 141 114 121 227 573 1244 1799 582 959 649 818 1764 902 1245 1945 1939 1333 1753 1238
(kerovan14) 1044: 114 121 1329 1331 1333 1945 1939 215 894 171 193 335 582 959 649 748 757 902 1245 883 899 897 1301 1307 1733 1985 2349 1309 1214 1457 1753 2468 2296 2141
(kerovan14) 1424: 114 121 1329 1331 1333 1945 1939 215 894 171 193 335 582 959 649 748 757 902 1245 883 899 897 1301 1307 1733 1985 2349 1309 1214 1457 1753 2468 2296 2141 1332 1942
(kerovan14) 1425: 6 2264 27 378 745 1312 1890 576 1258 596 757 1081 785 1018 1585 1995 2020 1951 1856 2141 1422 2102
(kerovan14) 1427: 6 2264 27 378 745 1312 1890 576 1258 596 757 1081 785 1018 1585 1995 2020 1951 1856 2141 273 1332 1942
(kerovan14) 1431: 6 2264 27 378 745 1312 1890 576 1258 596 757 1081 785 1018 1585 1995 2020 1951 1856 2141 273
(kerovan14) 1434: 591 1696 1331 1791 141 114 121 227 573 1244 1799 582 959 649 818 1764 902 1245 1945 1939 1333 1753 1238 1329
(kerovan14) 1438: 591 1696 1331 1791 141 114 121 227 573 1244 1799 582 959 649 818 1764 902 1245 1945 1939 1333 1753 1238 1329
(kerovan14) 1441: 6 2264 114 121 171 193 215 894 335 497 582 959 897 1329 1301 1307 1457 1733 1985 2349 2020 1951 1856 2468 2296
(kerovan14) 1442: 6 2264 27 378 745 1312 1890 576 1258 596 757 1081 785 1018 1585 1995 2020 1951 1856 2141
(kerovan14) 1443: 6 2264 27 378 745 1312 1890 576 1258 596 757 1081 785 1018 1585 1995 2020 1951 1856 2141
(kerovan14) 1444: 6 2264 27 378 745 1312 1890 576 1258 596 757 1081 785 1018 1585 1995 2020 1951 1856 2141 1307 10 11 494
(kerovan14) 1445: 114 121 1329 1331 1333 1945 1939 215 894 171 193 335 582 959 649 748 757 902 1245 883 899 897 1301 1307 1733 1985 2349 1309 1214 1457 1753 2468 2296 2141 6 2264
(kerovan14) 1449: 591 1696 1331 1791 141 114 121 227 573 1244 1799 582 959 649 818 1764 902 1245 1945 1939 1333 1753 1238
(kerovan14) 1452: 114 121 1329 1331 1333 1945 1939 215 894 171 193 335 582 959 649 748 757 902 1245 883 899 897 1301 1307 1733 1985 2349 1309 1214 1457 1753 2468 2296 2141
(kerovan14) 1455: 114 121 1329 1331 1333 1945 1939 215 894 171 193 335 582 959 649 748 757 902 1245 883 899 897 1301 1307 1733 1985 2349 1309 1214 1457 1753 2468 2296 2141
(kerovan14) 1459: 114 121 1329 1331 1333 1945 1939 215 894 171 193 335 582 959 649 748 757 902 1245 883 899 897 1301 1307 1733 1985 2349 1309 1214 1457 1753 2468 2296 2141
(kerovan14) 1463: 114 121 1329 1331 1333 1945 1939 215 894 171 193 335 582 959 649 748 757 902 1245 883 899 897 1301 1307 1733 1985 2349 1309 1214 1457 1753 2468 2296 2141
