(Ostry) %Starwars : 1305 1784
(Ostry) 1343 : 331 275 1247 572 602 1396 1846 2468 2402 %Starwars 1609
(Ostry) 1344 : 331 275 1247 572 602 1396 1846 2468 1629 2402 1528 %Starwars 1609
(Ostry) 1345 : 331 275 1247 572 602 1396 1846 2468 1609
(Ostry) 1346 : 331 572 1247
(Ostry) 1347 : 331 275 1247 572 602 1396 1846 2468 1629 2402 1528 %Starwars 1609
(Ostry) 1348 : 331 572 1247
(Ostry) 1349 : 331 275 1247 572 602 1396 1846 2468 1629 2402 1528 %Starwars 1609
(Ostry) 1350 : 331 275 1247 572 602 1396 1846 2468 1629 2402 1528 %Starwars 1609
(Ostry) 1351 : 331 275 1247 572 602 1846 2468
(Ostry) 1352 : 331 572 1247 1846 2468
(Ostry) 1353 : 331 275 1247 572 602 1396 1846 2468 1629 2402 1528 %Starwars 1609
(Ostry) 1354 : 331 275 1247 572 602 1396 1846 2468 2402 %Starwars 1609
(Ostry) 1355 : 331 572 1247 1846 602 2468 2402
(Ostry) 1356 : 331 275 1247 572 602 1396 1846 2468 2402
(Ostry) 1357 : 331 572 1247
(Ostry) 1358 : 331 572 1247
(Ostry) 1359 : 995 2402
(Ostry) 1360 : 572
(Ostry) 1361 : 331 572 2468 1247
(Ostry) 1362 : 986
(Ostry) 2352 : 331 572 2468 1247
(Ostry) 2353 : 331 275 1247 572 602 1396 1846 2468 1629 2402 1528 %Starwars 1609
(Ostry) 2354 : 572
(Ostry) 2356 : 331 572
