(ryskal) 1244 : 106 818 141 572 899
(ryskal) 1247 : 106 818 141 572 899 2294 1615 1134 883
(ryskal) 1892 : 106 818 141 572 899 2294 1615 1134 883
(ryskal) 1245 : 106 818 141 572 899 2294 1615 1134 883
(ryskal) 1246 : 106 818 141 572 899 2294 1615 1134 883 1799 573 227
(ryskal) 1248 : 106 818 141 572 899 2294 1615 1134 883 1799 573 227 171 902 1791
(ryskal) 1249 : 106 818 141 572 899 2294 1615 1134 883 1799 573 227 171 902 1791 748
(ryskal) 1251 : 106 818 141 572 899 2294 1615 1134 883 1799 573 227 171 902 1791 748 2183 432 215 894
(ryskal) 1266 : 106 818 141 572 899 2294 1615 1134 883 1799 573 227 171 902 1791 748 2183 432 215 894 607 1776
(ryskal) 1252 : 106 818 141 572 899 2294 1615 1134 883 1799 573 227 171 902 1791 748 2183 432 215 894 607 1776
(ryskal) 1256 : 106 818 141 572 899 2294 1615 1134 883 1799 573 227 171 902 1791 748 2183 432 215 894 607 1776 956 360 782 2387
(ryskal) 1254 : 106 818 141 572 899 2294 1615 1134 883 1799 573 227 171 902 1791 748 2183 432 215 894 607 1776 956 360 782 2387 497 762 1753 1141 1795 1884 1669 871 1561 1411 1413 1457 1729
(ryskal) 1263 : 106 818 141 572 899 2294 1615 1134 883 1799 573 227 171 902 1791 748 2183 432 215 894 607 1776 956 360 782 2387 497 762 1753 1141 1795 1884 1669 871 1561 1411 1413 1457 1729 897
(ryskal) 1274 : 106 818 141 572 899 2294 1615 1134 883 1799 573 227 171 902 1791 748 2183 432 215 894 607 1776 956 360 782 2387 497 762 1753 1141 1795 1884 1669 871 1561 1411 1413 1457 1729 897 1962 1770 169 278 1304 6 2264 204 301 465 1504 1582 1590 2350 2086
(ryskal) 1267 : 106 818 141 572 899 2294 1615 1134 883 1799 573 227 171 902 1791 748 2183 432 215 894 607 1776 956 360 782 2387 497 762 1753 1141 1795 1884 1669 871 1561 1411 1413 1457 1729 897 1962 1770 169 278 1304 6 2264 204 301 465 1504 1582 1590 2350 2086 507 986 2468 2002 473 1078 1693
(ryskal) 1268 : 106 818 141 572 899 2294 1615 1134 883 1799 573 227 171 902 1791 748 2183 432 215 894 607 1776 956 360 782 2387 497 762 1753 1141 1795 1884 1669 871 1561 1411 1413 1457 1729 897 1962 1770 169 278 1304 6 2264 204 301 465 1504 1582 1590 2350 2086 507 986 2468 2002 473 1078 1693 1214 1309 532 1588
(ryskal) 1257 : 106 818 141 572 899 2294 1615 1134 883 1799 573 227 171 902 1791 748 2183 432 215 894 607 1776 956 360 782 2387 497 762 1753 1141 1795 1884 1669 871 1561 1411 1413 1457 1729 897 1962 1770 169 278 1304 6 2264 204 301 465 1504 1582 1590 2350 2086 507 986 2468 2002 473 1078 1693 1214 1309 532 1588 470 957 533 531 2043 1041 1308 1326 1201 1764 355 267 262 487 2351 1733 1985 2349 653 168 279 534 511 2190 596 1070 909 2379 1610
(ryskal) 1269 : 106 818 141 572 899 2294 1615 1134 883 1799 573 227 171 902 1791 748 2183 432 215 894 607 1776 956 360 782 2387 497 762 1753 1141 1795 1884 1669 871 1561 1411 1413 1457 1729 897 1962 1770 169 278 1304 6 2264 204 301 465 1504 1582 1590 2350 2086 507 986 2468 2002 473 1078 1693 1214 1309 532 1588 470 957 533 531 2043 1041 1308 1326 1201 1764 355 267 262 487 2351 1733 1985 2349 653 168 279 534 511 2190 596 1070 909 2379 1610 281 363 949 1116 24 584 2469 898
(ryskal) 1272 : 106 818 141 572 899 2294 1615 1134 883 1799 573 227 171 902 1791 748 2183 432 215 894 607 1776 956 360 782 2387 497 762 1753 1141 1795 1884 1669 871 1561 1411 1413 1457 1729 897 1962 1770 169 278 1304 6 2264 204 301 465 1504 1582 1590 2350 2086 507 986 2468 2002 473 1078 1693 1214 1309 532 1588 470 957 533 531 2043 1041 1308 1326 1201 1764 355 267 262 487 2351 1733 1985 2349 653 168 279 534 511 2190 596 1070 909 2379 1610 281 363 949 1116 24 584 2469 898 1360 2361 994 1688 2008 2017 1220 468 170 895 1077 31 1035 1581 1938 1136 872 229 18 2455 2062 9 1087 1329
(ryskal) 1273 : 106 818 141 572 899 2294 1615 1134 883 1799 573 227 171 902 1791 748 2183 432 215 894 607 1776 956 360 782 2387 497 762 1753 1141 1795 1884 1669 871 1561 1411 1413 1457 1729 897 1962 1770 169 278 1304 6 2264 204 301 465 1504 1582 1590 2350 2086 507 986 2468 2002 473 1078 1693 1214 1309 532 1588 470 957 533 531 2043 1041 1308 1326 1201 1764 355 267 262 487 2351 1733 1985 2349 653 168 279 534 511 2190 596 1070 909 2379 1610 281 363 949 1116 24 584 2469 898 1360 2361 994 1688 2008 2017 1220 468 170 895 1077 31 1035 1581 1938 1136 872 229 18 2455 2062 9 1087 1329
(ryskal) 1271 : 106 818 141 572 899 2294 1615 1134 883 1799 573 227 171 902 1791 748 2183 432 215 894 607 1776 956 360 782 2387 497 762 1753 1141 1795 1884 1669 871 1561 1411 1413 1457 1729 897 1962 1770 169 278 1304 6 2264 204 301 465 1504 1582 1590 2350 2086 507 986 2468 2002 473 1078 1693 1214 1309 532 1588 470 957 533 531 2043 1041 1308 1326 1201 1764 355 267 262 487 2351 1733 1985 2349 653 168 279 534 511 2190 596 1070 909 2379 1610 281 363 949 1116 24 584 2469 898 1360 2361 994 1688 2008 2017 1220 468 170 895 1077 31 1035 1581 1938 1136 872 229 18 2455 2062 9 1087 1329 10 11 494 993
(ryskal) 1270 : 106 818 141 572 899 2294 1615 1134 883 1799 573 227 171 902 1791 748 2183 432 215 894 607 1776 956 360 782 2387 497 762 1753 1141 1795 1884 1669 871 1561 1411 1413 1457 1729 897 1962 1770 169 278 1304 6 2264 204 301 465 1504 1582 1590 2350 2086 507 986 2468 2002 473 1078 1693 1214 1309 532 1588 470 957 533 531 2043 1041 1308 1326 1201 1764 355 267 262 487 2351 1733 1985 2349 653 168 279 534 511 2190 596 1070 909 2379 1610 281 363 949 1116 24 584 2469 898 1360 2361 994 1688 2008 2017 1220 468 170 895 1077 31 1035 1581 1938 1136 872 229 18 2455 2062 9 1087 1329 10 11 494 993
(ryskal) 1276 : 106 818 141 572 899 2294 1615 1134 883 1799 573 227 171 902 1791 748 2183 432 215 894 607 1776 956 360 782 2387 497 762 1753 1141 1795 1884 1669 871 1561 1411 1413 1457 1729 897 1962 1770 169 278 1304 6 2264 204 301 465 1504 1582 1590 2350 2086 507 986 2468 2002 473 1078 1693 1214 1309 532 1588 470 957 533 531 2043 1041 1308 1326 1201 1764 355 267 262 487 2351 1733 1985 2349 653 168 279 534 511 2190 596 1070 909 2379 1610 281 363 949 1116 24 584 2469 898 1360 2361 994 1688 2008 2017 1220 468 170 895 1077 31 1035 1581 1938 1136 872 229 18 2455 2062 9 1087 1329 10 11 494 993
(ryskal) 1275 : 106 818 141 572 899 2294 1615 1134 883 1799 573 227 171 902 1791 748 2183 432 215 894 607 1776 956 360 782 2387 497 762 1753 1141 1795 1884 1669 871 1561 1411 1413 1457 1729 897 1962 1770 169 278 1304 6 2264 204 301 465 1504 1582 1590 2350 2086 507 986 2468 2002 473 1078 1693 1214 1309 532 1588 470 957 533 531 2043 1041 1308 1326 1201 1764 355 267 262 487 2351 1733 1985 2349 653 168 279 534 511 2190 596 1070 909 2379 1610 281 363 949 1116 24 584 2469 898 1360 2361 994 1688 2008 2017 1220 468 170 895 1077 31 1035 1581 1938 1136 872 229 18 2455 2062 9 1087 1329 10 11 494 993 858 2146 1516 759 338 589 2335
(ryskal) 1278 : 106 818 141 572 899 2294 1615 1134 883 1799 573 227 171 902 1791 748 2183 432 215 894 607 1776 956 360 782 2387 497 762 1753 1141 1795 1884 1669 871 1561 1411 1413 1457 1729 897 1962 1770 169 278 1304 6 2264 204 301 465 1504 1582 1590 2350 2086 507 986 2468 2002 473 1078 1693 1214 1309 532 1588 470 957 533 531 2043 1041 1308 1326 1201 1764 355 267 262 487 2351 1733 1985 2349 653 168 279 534 511 2190 596 1070 909 2379 1610 281 363 949 1116 24 584 2469 898 1360 2361 994 1688 2008 2017 1220 468 170 895 1077 31 1035 1581 1938 1136 872 229 18 2455 2062 9 1087 1329 10 11 494 993 858 2146 1516 759 338 589 2335 996 2047 1369 413 420 585 2012 2279 2188 721 593
(ryskal) 1886 : 106 818 141 572 899 2294 1615 1134 883 1799 573 227 171 902 1791 748 2183 432 215 894 607 1776 956 360 782 2387 497 762 1753 1141 1795 1884 1669 871 1561 1411 1413 1457 1729 897 1962 1770 169 278 1304 6 2264 204 301 465 1504 1582 1590 2350 2086 507 986 2468 2002 473 1078 1693 1214 1309 532 1588 470 957 533 531 2043 1041 1308 1326 1201 1764 355 267 262 487 2351 1733 1985 2349 653 168 279 534 511 2190 596 1070 909 2379 1610 281 363 949 1116 24 584 2469 898 1360 2361 994 1688 2008 2017 1220 468 170 895 1077 31 1035 1581 1938 1136 872 229 18 2455 2062 9 1087 1329 10 11 494 993 858 2146 1516 759 338 589 2335 996 2047 1369 413 420 585 2012 2279 2188 721 593
(ryskal) 1277 : 106 818 141 572 899 2294 1615 1134 883 1799 573 227 171 902 1791 748 2183 432 215 894 607 1776 956 360 782 2387 497 762 1753 1141 1795 1884 1669 871 1561 1411 1413 1457 1729 897 1962 1770 169 278 1304 6 2264 204 301 465 1504 1582 1590 2350 2086 507 986 2468 2002 473 1078 1693 1214 1309 532 1588 470 957 533 531 2043 1041 1308 1326 1201 1764 355 267 262 487 2351 1733 1985 2349 653 168 279 534 511 2190 596 1070 909 2379 1610 281 363 949 1116 24 584 2469 898 1360 2361 994 1688 2008 2017 1220 468 170 895 1077 31 1035 1581 1938 1136 872 229 18 2455 2062 9 1087 1329 10 11 494 993 858 2146 1516 759 338 589 2335 996 2047 1369 413 420 585 2012 2279 2188 721 593 1870 1975 167 2263 1328 1869 1558 1771 248 2141 657 235 364 893 935 975 1596 1768 2100 571 1766 2014 291 527 630 2094 1162 1499 1761 313 435 992 1250
(ryskal) 1280 : 106 818 141 572 899 2294 1615 1134 883 1799 573 227 171 902 1791 748 2183 432 215 894 607 1776 956 360 782 2387 497 762 1753 1141 1795 1884 1669 871 1561 1411 1413 1457 1729 897 1962 1770 169 278 1304 6 2264 204 301 465 1504 1582 1590 2350 2086 507 986 2468 2002 473 1078 1693 1214 1309 532 1588 470 957 533 531 2043 1041 1308 1326 1201 1764 355 267 262 487 2351 1733 1985 2349 653 168 279 534 511 2190 596 1070 909 2379 1610 281 363 949 1116 24 584 2469 898 1360 2361 994 1688 2008 2017 1220 468 170 895 1077 31 1035 1581 1938 1136 872 229 18 2455 2062 9 1087 1329 10 11 494 993 858 2146 1516 759 338 589 2335 996 2047 1369 413 420 585 2012 2279 2188 721 593 1870 1975 167 2263 1328 1869 1558 1771 248 2141 657 235 364 893 935 975 1596 1768 2100 571 1766 2014 291 527 630 2094 1162 1499 1761 313 435 992 1250 2310 601 816 1488 1147
(ryskal) 1285 : 106 818 141 572 899 2294 1615 1134 883 1799 573 227 171 902 1791 748 2183 432 215 894 607 1776 956 360 782 2387 497 762 1753 1141 1795 1884 1669 871 1561 1411 1413 1457 1729 897 1962 1770 169 278 1304 6 2264 204 301 465 1504 1582 1590 2350 2086 507 986 2468 2002 473 1078 1693 1214 1309 532 1588 470 957 533 531 2043 1041 1308 1326 1201 1764 355 267 262 487 2351 1733 1985 2349 653 168 279 534 511 2190 596 1070 909 2379 1610 281 363 949 1116 24 584 2469 898 1360 2361 994 1688 2008 2017 1220 468 170 895 1077 31 1035 1581 1938 1136 872 229 18 2455 2062 9 1087 1329 10 11 494 993 858 2146 1516 759 338 589 2335 996 2047 1369 413 420 585 2012 2279 2188 721 593 1870 1975 167 2263 1328 1869 1558 1771 248 2141 657 235 364 893 935 975 1596 1768 2100 571 1766 2014 291 527 630 2094 1162 1499 1761 313 435 992 1250 2310 601 816 1488 1147 1818 2463 1093 25 526 1037 2201 2311 1598 1031 1445 2023 258 564 311 1487 1877 2357 2449 958 1157
(ryskal) 1284 : 106 818 141 572 899 2294 1615 1134 883 1799 573 227 171 902 1791 748 2183 432 215 894 607 1776 956 360 782 2387 497 762 1753 1141 1795 1884 1669 871 1561 1411 1413 1457 1729 897 1962 1770 169 278 1304 6 2264 204 301 465 1504 1582 1590 2350 2086 507 986 2468 2002 473 1078 1693 1214 1309 532 1588 470 957 533 531 2043 1041 1308 1326 1201 1764 355 267 262 487 2351 1733 1985 2349 653 168 279 534 511 2190 596 1070 909 2379 1610 281 363 949 1116 24 584 2469 898 1360 2361 994 1688 2008 2017 1220 468 170 895 1077 31 1035 1581 1938 1136 872 229 18 2455 2062 9 1087 1329 10 11 494 993 858 2146 1516 759 338 589 2335 996 2047 1369 413 420 585 2012 2279 2188 721 593 1870 1975 167 2263 1328 1869 1558 1771 248 2141 657 235 364 893 935 975 1596 1768 2100 571 1766 2014 291 527 630 2094 1162 1499 1761 313 435 992 1250 2310 601 816 1488 1147 1818 2463 1093 25 526 1037 2201 2311 1598 1031 1445 2023 258 564 311 1487 1877 2357 2449 958 1157 773 2360
(ryskal) 1281 : 106 818 141 572 899 2294 1615 1134 883 1799 573 227 171 902 1791 748 2183 432 215 894 607 1776 956 360 782 2387 497 762 1753 1141 1795 1884 1669 871 1561 1411 1413 1457 1729 897 1962 1770 169 278 1304 6 2264 204 301 465 1504 1582 1590 2350 2086 507 986 2468 2002 473 1078 1693 1214 1309 532 1588 470 957 533 531 2043 1041 1308 1326 1201 1764 355 267 262 487 2351 1733 1985 2349 653 168 279 534 511 2190 596 1070 909 2379 1610 281 363 949 1116 24 584 2469 898 1360 2361 994 1688 2008 2017 1220 468 170 895 1077 31 1035 1581 1938 1136 872 229 18 2455 2062 9 1087 1329 10 11 494 993 858 2146 1516 759 338 589 2335 996 2047 1369 413 420 585 2012 2279 2188 721 593 1870 1975 167 2263 1328 1869 1558 1771 248 2141 657 235 364 893 935 975 1596 1768 2100 571 1766 2014 291 527 630 2094 1162 1499 1761 313 435 992 1250 2310 601 816 1488 1147 1818 2463 1093 25 526 1037 2201 2311 1598 1031 1445 2023 258 564 311 1487 1877 2357 2449 958 1157 773 2360 1701 436 1362 1145 1233 260 787 85 1657 1643
(ryskal) 1283 : 106 818 141 572 899 2294 1615 1134 883 1799 573 227 171 902 1791 748 2183 432 215 894 607 1776 956 360 782 2387 497 762 1753 1141 1795 1884 1669 871 1561 1411 1413 1457 1729 897 1962 1770 169 278 1304 6 2264 204 301 465 1504 1582 1590 2350 2086 507 986 2468 2002 473 1078 1693 1214 1309 532 1588 470 957 533 531 2043 1041 1308 1326 1201 1764 355 267 262 487 2351 1733 1985 2349 653 168 279 534 511 2190 596 1070 909 2379 1610 281 363 949 1116 24 584 2469 898 1360 2361 994 1688 2008 2017 1220 468 170 895 1077 31 1035 1581 1938 1136 872 229 18 2455 2062 9 1087 1329 10 11 494 993 858 2146 1516 759 338 589 2335 996 2047 1369 413 420 585 2012 2279 2188 721 593 1870 1975 167 2263 1328 1869 1558 1771 248 2141 657 235 364 893 935 975 1596 1768 2100 571 1766 2014 291 527 630 2094 1162 1499 1761 313 435 992 1250 2310 601 816 1488 1147 1818 2463 1093 25 526 1037 2201 2311 1598 1031 1445 2023 258 564 311 1487 1877 2357 2449 958 1157 773 2360 1701 436 1362 1145 1233 260 787 85 1657 1643 1896
(ryskal) 1282 : 106 818 141 572 899 2294 1615 1134 883 1799 573 227 171 902 1791 748 2183 432 215 894 607 1776 956 360 782 2387 497 762 1753 1141 1795 1884 1669 871 1561 1411 1413 1457 1729 897 1962 1770 169 278 1304 6 2264 204 301 465 1504 1582 1590 2350 2086 507 986 2468 2002 473 1078 1693 1214 1309 532 1588 470 957 533 531 2043 1041 1308 1326 1201 1764 355 267 262 487 2351 1733 1985 2349 653 168 279 534 511 2190 596 1070 909 2379 1610 281 363 949 1116 24 584 2469 898 1360 2361 994 1688 2008 2017 1220 468 170 895 1077 31 1035 1581 1938 1136 872 229 18 2455 2062 9 1087 1329 10 11 494 993 858 2146 1516 759 338 589 2335 996 2047 1369 413 420 585 2012 2279 2188 721 593 1870 1975 167 2263 1328 1869 1558 1771 248 2141 657 235 364 893 935 975 1596 1768 2100 571 1766 2014 291 527 630 2094 1162 1499 1761 313 435 992 1250 2310 601 816 1488 1147 1818 2463 1093 25 526 1037 2201 2311 1598 1031 1445 2023 258 564 311 1487 1877 2357 2449 958 1157 773 2360 1701 436 1362 1145 1233 260 787 85 1657 1643 1896 286 901 1498 2145 857 2237 51
(ryskal) 1287 : 106 818 141 572 899 2294 1615 1134 883 1799 573 227 171 902 1791 748 2183 432 215 894 607 1776 956 360 782 2387 497 762 1753 1141 1795 1884 1669 871 1561 1411 1413 1457 1729 897 1962 1770 169 278 1304 6 2264 204 301 465 1504 1582 1590 2350 2086 507 986 2468 2002 473 1078 1693 1214 1309 532 1588 470 957 533 531 2043 1041 1308 1326 1201 1764 355 267 262 487 2351 1733 1985 2349 653 168 279 534 511 2190 596 1070 909 2379 1610 281 363 949 1116 24 584 2469 898 1360 2361 994 1688 2008 2017 1220 468 170 895 1077 31 1035 1581 1938 1136 872 229 18 2455 2062 9 1087 1329 10 11 494 993 858 2146 1516 759 338 589 2335 996 2047 1369 413 420 585 2012 2279 2188 721 593 1870 1975 167 2263 1328 1869 1558 1771 248 2141 657 235 364 893 935 975 1596 1768 2100 571 1766 2014 291 527 630 2094 1162 1499 1761 313 435 992 1250 2310 601 816 1488 1147 1818 2463 1093 25 526 1037 2201 2311 1598 1031 1445 2023 258 564 311 1487 1877 2357 2449 958 1157 773 2360 1701 436 1362 1145 1233 260 787 85 1657 1643 1896 286 901 1498 2145 857 2237 51
(ryskal) 1286 :
(ryskal) 1260 :
(ryskal) 1279 :
