(Sarkiel) 1829 : 1614 1615

(Sarkiel) 1833 : 125 290 464 886 1791 1884 1892 1933 2190 2274 2296 2376 2497 1614 1615

(Sarkiel) 1824 : 99 118 242 287 365 529 876 1041 1089 1094 1308 1326 1619 1926 1927 1972 2409 2455 125 290 464 886 1791 1884 1892 1933 2190 2274 2296 2376 2497

(Sarkiel) 1914 : 248 263 387 546 695 801 858 863 911 1043 1071 1195 1666 1945 2015 2053 2114 2144 2154 2474 99 118 242 287 365 529 876 1041 1089 1094 1308 1326 1619 1926 1927 1972 2409 2455 125 290 464 886 1791 1884 1892 1933 2190 2274 2296 2376 2497

(Sarkiel) 1828 : 30 2194 248 263 387 546 695 801 858 863 911 1043 1071 1195 1666 1945 2015 2053 2114 2144 2154 2474 99 118 242 287 365 529 876 1041 1089 1094 1308 1326 1619 1926 1927 1972 2409 2455 125 290 464 886 1791 1884 1892 1933 2190 2274 2296 2376 2497

(Sarkiel) 1825 : 1231 1293 1534 1602 1874 1918 1935 2045 2199 2215 30 2194 248 263 387 546 695 801 858 863 911 1043 1071 1195 1666 1945 2015 2053 2114 2144 2154 2474 99 118 242 287 365 529 876 1041 1089 1094 1308 1326 1619 1926 1927 1972 2409 2455 125 290 464 886 1791 1884 1892 1933 2190 2274 2296 2376 2497

(Sarkiel) 1922 : 35 1231 1293 1534 1602 1874 1918 1935 2045 2199 2215 30 2194 248 263 387 546 695 801 858 863 911 1043 1071 1195 1666 1945 2015 2053 2114 2144 2154 2474 99 118 242 287 365 529 876 1041 1089 1094 1308 1326 1619 1926 1927 1972 2409 2455 125 290 464 886 1791 1884 1892 1933 2190 2274 2296 2376 2497

(Sarkiel) 1929 : 35 1231 1293 1534 1602 1874 1918 1935 2045 2199 2215 30 2194 248 263 387 546 695 801 858 863 911 1043 1071 1195 1666 1945 2015 2053 2114 2144 2154 2474 99 118 242 287 365 529 876 1041 1089 1094 1308 1326 1619 1926 1927 1972 2409 2455 125 290 464 886 1791 1884 1892 1933 2190 2274 2296 2376 2497
