(Stonerock) 981: 802 2387 902 1245 1090 335 1416 1607 2304

(Stonerock) 975: 802 1247 2387 902 1245 170 497 1962 1090 1004 335 1416 1607 2304

(Stonerock) 979: 802 2387 902 1245 170 497 1962 1090 335 1416 1607 2304

(Stonerock) 982: 802 2387 902 1245 170 497 1962 1090 432 1004 335 1416 1607 2304 1247 1172 1752

(Stonerock) 974: 432 1004 1360 2361 343 808 1031 1376 1445 1516 2466 229 993 1269 335 1416 1607 2304 215 894 1172 1752

(Stonerock) 973: 1037 1038 432 1004 1360 2361 167 996 2043 2047 2263 571 1766 2398 343 808 1031 1376 1445 1516 2466 1558 1869 1870 311 1487 1877 2357 1039 442 963 1173 2033 250 985 1014 1484 2280 229 993 1269 335 1416 1607 2304 215 894 1172 1839 2460 281 363 949


(Stonerock) 983: 432 1004 1360 2361 167 996 2043 2047 2263 571 1766 2398 343 808 1031 1376 1445 1516 2466 1558 1869 1870 311 1487 1877 2357 229 993 1269 335 1416 1607 2304 215 894 1172 1839 2460 281 363 949


(Stonerock) 977: 1037 1038 432 1004 1360 2361 167 996 2043 2047 2263 571 1766 343 808 1031 1376 1445 1516 2466 1558 1869 1870 311 1487 1877 2357 229 993 1269 335 1416 1607 2304 215 894 1172 1839 2460 281 363 949


(Stonerock) 1364: 1037 1038 59 1036 2175 432 1360 2361 167 996 2043 2047 2263 571 1766 2398 343 808 1031 1376 1445 1516 2466 1558 1869 1870 311 1487 1877 2357 1039 442 963 1173 2033 1106 1406 1545 1998 2319 224 1184 1340 998 250 985 1014 1484 2280 229 993 1269 335 1416 1607 2304 907 1731 215 894 1172 581 1506 1839 2460 281 363 949


(Stonerock) 978: 432 1036 1106 1406 1545 1998 2319 224 1184 1340 542 1030 1079 998 1328 229 993 1269 1691 1692 581 1506 1839 2460 281 363 949 59 2175 734 1576

(Stonerock) 976: 1691 1692 834 835 998 581 1506 1839 2460 281 363 949 2318 2319 59 2175 734 1576
